,ID,time,xloc,yloc,lane,speed,acceleration,length-smoothed,width-smoothed,type-most-common,ACC,run-index
44819,158,5.4,252.84515,603.01,5,24.374,0.11,20.0,3.0,large-vehicle,No,1
44820,158,5.5,255.28255,602.96,5,24.38525,0.17,20.0,3.0,large-vehicle,No,1
44821,158,5.6,257.721075,602.91,5,24.40225,0.2,20.0,3.0,large-vehicle,No,1
44822,158,5.7,260.1613,602.86,5,24.42225,0.17,20.0,3.0,large-vehicle,No,1
44823,158,5.8,262.603525,602.81,5,24.4395,0.06,20.0,3.0,large-vehicle,No,1
44824,158,5.9,265.047475,602.75,5,24.4455,-0.12,20.0,3.0,large-vehicle,No,1
44825,158,6.0,267.492025,602.7,5,24.4335,-0.36,20.0,3.0,large-vehicle,No,1
44826,158,6.1,269.935375,602.65,5,24.398,-0.58,20.0,3.0,large-vehicle,No,1
44827,158,6.2,272.375175,602.6,5,24.3395,-0.8,20.0,3.0,large-vehicle,No,1
44828,158,6.3,274.809125,602.55,5,24.2595,-1.01,20.0,3.0,large-vehicle,No,1
44829,158,6.4,277.235075,602.5,5,24.1585,-1.18,20.0,3.0,large-vehicle,No,1
44830,158,6.5,279.650925,602.45,5,24.04,-1.34,20.0,3.0,large-vehicle,No,1
44831,158,6.6,282.054925,602.39,5,23.9065,-1.46,20.0,3.0,large-vehicle,No,1
44832,158,6.7,284.445575,602.34,5,23.7605,-1.48,20.0,3.0,large-vehicle,No,1
44833,158,6.8,286.821625,602.28,5,23.61275,-1.4,20.0,3.0,large-vehicle,No,1
44834,158,6.9,289.1829,602.23,5,23.47325,-1.26,20.0,3.0,large-vehicle,No,1
44835,158,7.0,291.530225,602.17,5,23.34725,-1.06,20.0,3.0,large-vehicle,No,1
44836,158,7.1,293.86495,602.1,5,23.24075,-0.85,20.0,3.0,large-vehicle,No,1
44837,158,7.2,296.189025,602.04,5,23.156,-0.64,20.0,3.0,large-vehicle,No,1
44838,158,7.3,298.504625,601.97,5,23.09225,-0.43,20.0,3.0,large-vehicle,No,1
44839,158,7.4,300.81385,601.91,5,23.0495,-0.25,20.0,3.0,large-vehicle,No,1
44840,158,7.5,303.1188,601.84,5,23.0245,-0.14,20.0,3.0,large-vehicle,No,1
44841,158,7.6,305.42125,601.78,5,23.01075,-0.09,20.0,3.0,large-vehicle,No,1
44842,158,7.7,307.722325,601.71,5,23.00125,-0.13,20.0,3.0,large-vehicle,No,1
44843,158,7.8,310.02245,601.65,5,22.98875,-0.23,20.0,3.0,large-vehicle,No,1
44844,158,7.9,312.321325,601.58,5,22.9655,-0.34,20.0,3.0,large-vehicle,No,1
44845,158,8.0,314.617875,601.52,5,22.93125,-0.42,20.0,3.0,large-vehicle,No,1
44846,158,8.1,316.911,601.46,5,22.88925,-0.42,20.0,3.0,large-vehicle,No,1
44847,158,8.2,319.199925,601.4,5,22.847,-0.39,20.0,3.0,large-vehicle,No,1
44848,158,8.3,321.484625,601.34,5,22.80775,-0.35,20.0,3.0,large-vehicle,No,1
44849,158,8.4,323.7654,601.29,5,22.77325,-0.24,20.0,3.0,large-vehicle,No,1
44850,158,8.5,326.042725,601.23,5,22.749,-0.13,20.0,3.0,large-vehicle,No,1
44851,158,8.6,328.317625,601.18,5,22.73575,0.0,20.0,3.0,large-vehicle,No,1
44852,158,8.7,330.5912,601.12,5,22.73525,0.1,20.0,3.0,large-vehicle,No,1
44853,158,8.8,332.864725,601.06,5,22.74575,0.18,20.0,3.0,large-vehicle,No,1
44854,158,8.9,335.1393,601.0,5,22.7635,0.28,20.0,3.0,large-vehicle,No,1
44855,158,9.0,337.41565,600.94,5,22.7915,0.36,20.0,3.0,large-vehicle,No,1
44856,158,9.1,339.6948,600.87,5,22.827,0.4,20.0,3.0,large-vehicle,No,1
44857,158,9.2,341.9775,600.8,5,22.8675,0.43,20.0,3.0,large-vehicle,No,1
44858,158,9.3,344.26425,600.72,5,22.91025,0.45,20.0,3.0,large-vehicle,No,1
44859,158,9.4,346.555275,600.65,5,22.9555,0.5,20.0,3.0,large-vehicle,No,1
44860,158,9.5,348.850825,600.57,5,23.00525,0.55,20.0,3.0,large-vehicle,No,1
44861,158,9.6,351.15135,600.48,5,23.06075,0.6,20.0,3.0,large-vehicle,No,1
44862,158,9.7,353.457425,600.4,5,23.12075,0.65,20.0,3.0,large-vehicle,No,1
44863,158,9.8,355.7695,600.31,5,23.186,0.7,20.0,3.0,large-vehicle,No,1
44864,158,9.9,358.0881,600.22,5,23.25625,0.75,20.0,3.0,large-vehicle,No,1
44865,158,10.0,360.413725,600.13,5,23.33075,0.8,20.0,3.0,large-vehicle,No,1
44866,158,10.1,362.7468,600.03,5,23.41075,0.83,20.0,3.0,large-vehicle,No,1
44867,158,10.2,365.087875,599.93,5,23.49325,0.8,20.0,3.0,large-vehicle,No,1
44868,158,10.3,367.4372,599.84,5,23.573,0.74,20.0,3.0,large-vehicle,No,1
44869,158,10.4,369.7945,599.73,5,23.64675,0.68,20.0,3.0,large-vehicle,No,1
44870,158,10.5,372.159175,599.63,5,23.71475,0.58,20.0,3.0,large-vehicle,No,1
44871,158,10.6,374.53065,599.52,5,23.77275,0.42,20.0,3.0,large-vehicle,No,1
44872,158,10.7,376.907925,599.41,5,23.8145,0.28,20.0,3.0,large-vehicle,No,1
44873,158,10.8,379.289375,599.29,5,23.84275,0.16,20.0,3.0,large-vehicle,No,1
44874,158,10.9,381.67365,599.17,5,23.8585,0.0,20.0,3.0,large-vehicle,No,1
44875,158,11.0,384.0595,599.05,5,23.85825,-0.14,20.0,3.0,large-vehicle,No,1
44876,158,11.1,386.445325,598.92,5,23.84475,-0.23,20.0,3.0,large-vehicle,No,1
44877,158,11.2,388.8298,598.78,5,23.82175,-0.28,20.0,3.0,large-vehicle,No,1
44878,158,11.3,391.211975,598.64,5,23.79325,-0.25,20.0,3.0,large-vehicle,No,1
44879,158,11.4,393.5913,598.5,5,23.768,-0.23,20.0,3.0,large-vehicle,No,1
44880,158,11.5,395.9681,598.35,5,23.7455,-0.19,20.0,3.0,large-vehicle,No,1
44881,158,11.6,398.34265,598.19,5,23.726,-0.14,20.0,3.0,large-vehicle,No,1
44882,158,11.7,400.71525,598.03,5,23.7125,-0.08,20.0,3.0,large-vehicle,No,1
44883,158,11.8,403.0865,597.86,5,23.7045,-0.03,20.0,3.0,large-vehicle,No,1
44884,158,11.9,405.45695,597.69,5,23.7015,0.02,20.0,3.0,large-vehicle,No,1
44885,158,12.0,407.8271,597.51,5,23.704,0.11,20.0,3.0,large-vehicle,No,1
44886,158,12.1,410.1975,597.33,5,23.71475,0.21,20.0,3.0,large-vehicle,No,1
44887,158,12.2,412.568975,597.14,5,23.7355,0.32,20.0,3.0,large-vehicle,No,1
44888,158,12.3,414.942525,596.95,5,23.76725,0.42,20.0,3.0,large-vehicle,No,1
44889,158,12.4,417.31925,596.75,5,23.80875,0.49,20.0,3.0,large-vehicle,No,1
44890,158,12.5,419.700125,596.55,5,23.85825,0.52,20.0,3.0,large-vehicle,No,1
44891,158,12.6,422.08595,596.35,5,23.9105,0.54,20.0,3.0,large-vehicle,No,1
44892,158,12.7,424.477,596.13,5,23.965,0.57,20.0,3.0,large-vehicle,No,1
44893,158,12.8,426.8735,595.92,5,24.0215,0.51,20.0,3.0,large-vehicle,No,1
44894,158,12.9,429.27565,595.69,5,24.073,0.41,20.0,3.0,large-vehicle,No,1
44895,158,13.0,431.68295,595.46,5,24.1135,0.33,20.0,3.0,large-vehicle,No,1
44896,158,13.1,434.0943,595.23,5,24.1465,0.24,20.0,3.0,large-vehicle,No,1
44897,158,13.2,436.50895,594.98,5,24.17075,0.14,20.0,3.0,large-vehicle,No,1
44898,158,13.3,438.926025,594.74,5,24.185,0.03,20.0,3.0,large-vehicle,No,1
44899,158,13.4,441.344525,594.48,5,24.18825,-0.07,20.0,3.0,large-vehicle,No,1
44900,158,13.5,443.76335,594.22,5,24.1815,-0.15,20.0,3.0,large-vehicle,No,1
44901,158,13.6,446.1815,593.96,5,24.16675,-0.2,20.0,3.0,large-vehicle,No,1
44902,158,13.7,448.598175,593.68,5,24.147,-0.22,20.0,3.0,large-vehicle,No,1
44903,158,13.8,451.012875,593.41,5,24.125,-0.2,20.0,3.0,large-vehicle,No,1
44904,158,13.9,453.425375,593.12,5,24.1055,-0.16,20.0,3.0,large-vehicle,No,1
44905,158,14.0,455.835925,592.84,5,24.08925,-0.16,20.0,3.0,large-vehicle,No,1
44906,158,14.1,458.24485,592.54,5,24.073,-0.1,20.0,3.0,large-vehicle,No,1
44907,158,14.2,460.65215,592.25,5,24.06275,0.0,20.0,3.0,large-vehicle,No,1
44908,158,14.3,463.058425,591.94,5,24.06225,0.08,20.0,3.0,large-vehicle,No,1
44909,158,14.4,465.46465,591.63,5,24.07025,0.16,20.0,3.0,large-vehicle,No,1
44910,158,14.5,467.871675,591.32,5,24.086,0.32,20.0,3.0,large-vehicle,No,1
44911,158,14.6,470.280275,591.0,5,24.118,0.5,20.0,3.0,large-vehicle,No,1
44912,158,14.7,472.692075,590.68,5,24.168,0.63,20.0,3.0,large-vehicle,No,1
44913,158,14.8,475.108875,590.35,5,24.23075,0.74,20.0,3.0,large-vehicle,No,1
44914,158,14.9,477.53195,590.01,5,24.30475,0.83,20.0,3.0,large-vehicle,No,1
44915,158,15.0,479.962425,589.67,5,24.38775,0.91,20.0,3.0,large-vehicle,No,1
44916,158,15.1,482.4012,589.32,5,24.47875,0.91,20.0,3.0,large-vehicle,No,1
44917,158,15.2,484.849075,588.96,5,24.56975,0.82,20.0,3.0,large-vehicle,No,1
44918,158,15.3,487.30605,588.6,5,24.6515,0.66,20.0,3.0,large-vehicle,No,1
44919,158,15.4,489.7712,588.23,5,24.718,0.45,20.0,3.0,large-vehicle,No,1
44920,158,15.5,492.243,587.86,5,24.7625,0.2,20.0,3.0,large-vehicle,No,1
44921,158,15.6,494.71925,587.48,5,24.783,-0.11,20.0,3.0,large-vehicle,No,1
44922,158,15.7,497.19755,587.09,5,24.77225,-0.42,20.0,3.0,large-vehicle,No,1
44923,158,15.8,499.674775,586.7,5,24.73025,-0.71,20.0,3.0,large-vehicle,No,1
44924,158,15.9,502.1478,586.31,5,24.659,-0.99,20.0,3.0,large-vehicle,No,1
44925,158,16.0,504.6137,585.91,5,24.55975,-1.2,20.0,3.0,large-vehicle,No,1
44926,158,16.1,507.069675,585.51,5,24.43975,-1.35,20.0,3.0,large-vehicle,No,1
44927,158,16.2,509.51365,585.11,5,24.305,-1.39,20.0,3.0,large-vehicle,No,1
44928,158,16.3,511.94415,584.7,5,24.166,-1.31,20.0,3.0,large-vehicle,No,1
44929,158,16.4,514.36075,584.29,5,24.03525,-1.16,20.0,3.0,large-vehicle,No,1
44930,158,16.5,516.764275,583.87,5,23.919,-0.95,20.0,3.0,large-vehicle,No,1
44931,158,16.6,519.156175,583.45,5,23.82425,-0.68,20.0,3.0,large-vehicle,No,1
44932,158,16.7,521.5386,583.03,5,23.756,-0.41,20.0,3.0,large-vehicle,No,1
44933,158,16.8,523.9142,582.59,5,23.715,-0.14,20.0,3.0,large-vehicle,No,1
44934,158,16.9,526.2857,582.16,5,23.7005,0.14,20.0,3.0,large-vehicle,No,1
44935,158,17.0,528.65575,581.72,5,23.71475,0.4,20.0,3.0,large-vehicle,No,1
44936,158,17.1,531.027225,581.27,5,23.7545,0.55,20.0,3.0,large-vehicle,No,1
44937,158,17.2,533.402675,580.81,5,23.8095,0.63,20.0,3.0,large-vehicle,No,1
44938,158,17.3,535.783625,580.36,5,23.87225,0.68,20.0,3.0,large-vehicle,No,1
44939,158,17.4,538.17085,579.89,5,23.94,0.72,20.0,3.0,large-vehicle,No,1
44940,158,17.5,540.56485,579.42,5,24.01175,0.69,20.0,3.0,large-vehicle,No,1
44941,158,17.6,542.966025,578.94,5,24.0805,0.58,20.0,3.0,large-vehicle,No,1
44942,158,17.7,545.374075,578.46,5,24.13825,0.5,20.0,3.0,large-vehicle,No,1
44943,158,17.8,547.7879,577.97,5,24.188,0.41,20.0,3.0,large-vehicle,No,1
44944,158,17.9,550.2067,577.47,5,24.22925,0.28,20.0,3.0,large-vehicle,No,1
44945,158,18.0,552.629625,576.97,5,24.257,0.12,20.0,3.0,large-vehicle,No,1
44946,158,18.1,555.055325,576.47,5,24.26875,-0.01,20.0,3.0,large-vehicle,No,1
44947,158,18.2,557.4822,575.96,5,24.26725,-0.14,20.0,3.0,large-vehicle,No,1
44948,158,18.3,559.908925,575.44,5,24.253,-0.28,20.0,3.0,large-vehicle,No,1
44949,158,18.4,562.334225,574.92,5,24.22525,-0.38,20.0,3.0,large-vehicle,No,1
44950,158,18.5,564.75675,574.39,5,24.1875,-0.48,20.0,3.0,large-vehicle,No,1
44951,158,18.6,567.1755,573.86,5,24.13925,-0.53,20.0,3.0,large-vehicle,No,1
44952,158,18.7,569.589425,573.32,5,24.086,-0.5,20.0,3.0,large-vehicle,No,1
44953,158,18.8,571.998025,572.78,5,24.03625,-0.45,20.0,3.0,large-vehicle,No,1
44954,158,18.9,574.40165,572.23,5,23.9915,-0.36,20.0,3.0,large-vehicle,No,1
44955,158,19.0,576.8008,571.68,5,23.9555,-0.23,20.0,3.0,large-vehicle,No,1
44956,158,19.1,579.19635,571.12,5,23.93275,-0.07,20.0,3.0,large-vehicle,No,1
44957,158,19.2,581.589625,570.55,5,23.926,0.12,20.0,3.0,large-vehicle,No,1
44958,158,19.3,583.982225,569.98,5,23.93775,0.3,20.0,3.0,large-vehicle,No,1
44959,158,19.4,586.376,569.4,5,23.96775,0.43,20.0,3.0,large-vehicle,No,1
44960,158,19.5,588.772775,568.81,5,24.01125,0.53,20.0,3.0,large-vehicle,No,1
44961,158,19.6,591.1739,568.22,5,24.06425,0.64,20.0,3.0,large-vehicle,No,1
44962,158,19.7,593.580325,567.62,5,24.12825,0.68,20.0,3.0,large-vehicle,No,1
44963,158,19.8,595.99315,567.01,5,24.19625,0.66,20.0,3.0,large-vehicle,No,1
44964,158,19.9,598.412775,566.4,5,24.262,0.59,20.0,3.0,large-vehicle,No,1
44965,158,20.0,600.838975,565.77,5,24.3215,0.51,20.0,3.0,large-vehicle,No,1
44966,158,20.1,603.271125,565.15,5,24.37275,0.4,20.0,3.0,large-vehicle,No,1
44967,158,20.2,605.7084,564.51,5,24.41325,0.27,20.0,3.0,large-vehicle,No,1
44968,158,20.3,608.149725,563.87,5,24.44025,0.09,20.0,3.0,large-vehicle,No,1
44969,158,20.4,610.59375,563.22,5,24.449,-0.06,20.0,3.0,large-vehicle,No,1
44970,158,20.5,613.03865,562.57,5,24.4425,-0.15,20.0,3.0,large-vehicle,No,1
44971,158,20.6,615.4829,561.91,5,24.42725,-0.23,20.0,3.0,large-vehicle,No,1
44972,158,20.7,617.925625,561.24,5,24.40475,-0.3,20.0,3.0,large-vehicle,No,1
44973,158,20.8,620.3661,560.57,5,24.3745,-0.35,20.0,3.0,large-vehicle,No,1
44974,158,20.9,622.80355,559.89,5,24.33925,-0.37,20.0,3.0,large-vehicle,No,1
44975,158,21.0,625.237475,559.2,5,24.30225,-0.35,20.0,3.0,large-vehicle,No,1
44976,158,21.1,627.6677,558.51,5,24.2675,-0.31,20.0,3.0,large-vehicle,No,1
44977,158,21.2,630.09445,557.81,5,24.23625,-0.29,20.0,3.0,large-vehicle,No,1
44978,158,21.3,632.518075,557.11,5,24.2075,-0.24,20.0,3.0,large-vehicle,No,1
44979,158,21.4,634.938825,556.4,5,24.184,-0.18,20.0,3.0,large-vehicle,No,1
44980,158,21.5,637.357225,555.69,5,24.16625,-0.15,20.0,3.0,large-vehicle,No,1
44981,158,21.6,639.77385,554.97,5,24.151,-0.15,20.0,3.0,large-vehicle,No,1
44982,158,21.7,642.18895,554.24,5,24.136,-0.1,20.0,3.0,large-vehicle,No,1
44983,158,21.8,644.60255,553.51,5,24.126,-0.05,20.0,3.0,large-vehicle,No,1
44984,158,21.9,647.01515,552.78,5,24.12125,-0.04,20.0,3.0,large-vehicle,No,1
44985,158,22.0,649.427275,552.04,5,24.11725,-0.02,20.0,3.0,large-vehicle,No,1
44986,158,22.1,651.839,551.29,5,24.11475,0.01,20.0,3.0,large-vehicle,No,1
44987,158,22.2,654.250475,550.54,5,24.11575,0.01,20.0,3.0,large-vehicle,No,1
44988,158,22.3,656.66205,549.78,5,24.11625,0.01,20.0,3.0,large-vehicle,No,1
44989,158,22.4,659.073675,549.01,5,24.117,0.03,20.0,3.0,large-vehicle,No,1
44990,158,22.5,661.485375,548.25,5,24.12025,0.06,20.0,3.0,large-vehicle,No,1
44991,158,22.6,663.8974,547.47,5,24.12575,0.05,20.0,3.0,large-vehicle,No,1
44992,158,22.7,666.309975,546.69,5,24.13075,0.08,20.0,3.0,large-vehicle,No,1
44993,158,22.8,668.72305,545.91,5,24.13875,0.11,20.0,3.0,large-vehicle,No,1
44994,158,22.9,671.136925,545.12,5,24.14975,0.11,20.0,3.0,large-vehicle,No,1
44995,158,23.0,673.5519,544.32,5,24.1605,0.11,20.0,3.0,large-vehicle,No,1
44996,158,23.1,675.96795,543.52,5,24.17125,0.13,20.0,3.0,large-vehicle,No,1
44997,158,23.2,678.385075,542.71,5,24.1845,0.15,20.0,3.0,large-vehicle,No,1
44998,158,23.3,680.803525,541.9,5,24.19975,0.16,20.0,3.0,large-vehicle,No,1
44999,158,23.4,683.2235,541.08,5,24.21575,0.18,20.0,3.0,large-vehicle,No,1
45000,158,23.5,685.645075,540.25,5,24.23375,0.18,20.0,3.0,large-vehicle,No,1
45001,158,23.6,688.06845,539.42,5,24.2515,0.13,20.0,3.0,large-vehicle,No,1
45002,158,23.7,690.4936,538.59,5,24.2645,0.13,20.0,3.0,large-vehicle,No,1
45003,158,23.8,692.92005,537.75,5,24.27725,0.15,20.0,3.0,large-vehicle,No,1
45004,158,23.9,695.347775,536.91,5,24.2925,0.1,20.0,3.0,large-vehicle,No,1
45005,158,24.0,697.777025,536.06,5,24.3025,0.02,20.0,3.0,large-vehicle,No,1
45006,158,24.1,700.207275,535.2,5,24.30425,-0.01,20.0,3.0,large-vehicle,No,1
45007,158,24.2,702.6377,534.34,5,24.30375,-0.03,20.0,3.0,large-vehicle,No,1
45008,158,24.3,705.068075,533.48,5,24.30075,-0.11,20.0,3.0,large-vehicle,No,1
45009,158,24.4,707.49815,532.61,5,24.29,-0.16,20.0,3.0,large-vehicle,No,1
45010,158,24.5,709.92715,531.73,5,24.27375,-0.16,20.0,3.0,large-vehicle,No,1
45011,158,24.6,712.354525,530.85,5,24.2575,-0.19,20.0,3.0,large-vehicle,No,1
45012,158,24.7,714.780275,529.97,5,24.23875,-0.21,20.0,3.0,large-vehicle,No,1
45013,158,24.8,717.20415,529.08,5,24.2175,-0.21,20.0,3.0,large-vehicle,No,1
45014,158,24.9,719.6259,528.18,5,24.1965,-0.18,20.0,3.0,large-vehicle,No,1
45015,158,25.0,722.04555,527.28,5,24.17875,-0.13,20.0,3.0,large-vehicle,No,1
45016,158,25.1,724.463425,526.37,5,24.166,-0.08,20.0,3.0,large-vehicle,No,1
45017,158,25.2,726.880025,525.45,5,24.1585,0.0,20.0,3.0,large-vehicle,No,1
45018,158,25.3,729.295875,524.53,5,24.15875,0.06,20.0,3.0,large-vehicle,No,1
45019,158,25.4,731.71175,523.6,5,24.16475,0.08,20.0,3.0,large-vehicle,No,1
45020,158,25.5,734.128225,522.66,5,24.173,0.14,20.0,3.0,large-vehicle,No,1
45021,158,25.6,736.545525,521.72,5,24.1865,0.13,20.0,3.0,large-vehicle,No,1
45022,158,25.7,738.964175,520.78,5,24.2,0.14,20.0,3.0,large-vehicle,No,1
45023,158,25.8,741.384175,519.82,5,24.2135,0.13,20.0,3.0,large-vehicle,No,1
45024,158,25.9,743.805525,518.86,5,24.22625,0.05,20.0,3.0,large-vehicle,No,1
45025,158,26.0,746.22815,517.9,5,24.2315,0.0,20.0,3.0,large-vehicle,No,1
45026,158,26.1,748.6513,516.93,5,24.2315,0.0,20.0,3.0,large-vehicle,No,1
45027,158,26.2,751.07445,515.96,5,24.2315,0.0,20.0,3.0,large-vehicle,No,1
45028,158,26.3,753.4976,514.98,5,24.23125,0.0,20.0,3.0,large-vehicle,No,1
45029,158,26.4,755.920725,513.99,5,24.231,0.03,20.0,3.0,large-vehicle,No,1
45030,158,26.5,758.343825,513.0,5,24.2335,0.08,20.0,3.0,large-vehicle,No,1
45031,158,26.6,760.767175,512.01,5,24.24125,0.11,20.0,3.0,large-vehicle,No,1
45032,158,26.7,763.1913,511.01,5,24.25225,0.13,20.0,3.0,large-vehicle,No,1
45033,158,26.8,765.616525,510.0,5,24.26475,0.15,20.0,3.0,large-vehicle,No,1
45034,158,26.9,768.043,508.98,5,24.28025,0.16,20.0,3.0,large-vehicle,No,1
45035,158,27.0,770.471025,507.96,5,24.29625,0.15,20.0,3.0,large-vehicle,No,1
45036,158,27.1,772.90065,506.93,5,24.31125,0.13,20.0,3.0,large-vehicle,No,1
45037,158,27.2,775.331775,505.9,5,24.324,0.08,20.0,3.0,large-vehicle,No,1
45038,158,27.3,777.764175,504.86,5,24.3315,0.05,20.0,3.0,large-vehicle,No,1
45039,158,27.4,780.197325,503.82,5,24.3365,0.05,20.0,3.0,large-vehicle,No,1
45040,158,27.5,782.630975,502.78,5,24.3415,0.05,20.0,3.0,large-vehicle,No,1
45041,158,27.6,785.065125,501.73,5,24.34625,0.07,20.0,3.0,large-vehicle,No,1
45042,158,27.7,787.49975,500.67,5,24.3535,0.1,20.0,3.0,large-vehicle,No,1
45043,158,27.8,789.9351,499.61,5,24.3635,0.16,20.0,3.0,large-vehicle,No,1
45044,158,27.9,792.37145,498.55,5,24.3795,0.26,20.0,3.0,large-vehicle,No,1
45045,158,28.0,794.8094,497.48,5,24.4055,0.34,20.0,3.0,large-vehicle,No,1
45046,158,28.1,797.24995,496.41,5,24.43925,0.42,20.0,3.0,large-vehicle,No,1
45047,158,28.2,799.693875,495.34,5,24.48125,0.49,20.0,3.0,large-vehicle,No,1
45048,158,28.3,802.142,494.26,5,24.53025,0.52,20.0,3.0,large-vehicle,No,1
45049,158,28.4,804.595025,493.17,5,24.582,0.49,20.0,3.0,large-vehicle,No,1
45050,158,28.5,807.053225,492.08,5,24.63075,0.46,20.0,3.0,large-vehicle,No,1
45051,158,28.6,809.5163,490.99,5,24.67725,0.46,20.0,3.0,large-vehicle,No,1
45052,158,28.7,811.984025,489.89,5,24.7235,0.43,20.0,3.0,large-vehicle,No,1
45053,158,28.8,814.456375,488.79,5,24.76625,0.38,20.0,3.0,large-vehicle,No,1
45054,158,28.9,816.933,487.69,5,24.804,0.3,20.0,3.0,large-vehicle,No,1
45055,158,29.0,819.4134,486.58,5,24.834,0.25,20.0,3.0,large-vehicle,No,1
45056,158,29.1,821.8968,485.47,5,24.85875,0.25,20.0,3.0,large-vehicle,No,1
45057,158,29.2,824.382675,484.35,5,24.88325,0.25,20.0,3.0,large-vehicle,No,1
45058,158,29.3,826.871,483.24,5,24.908,0.3,20.0,3.0,large-vehicle,No,1
45059,158,29.4,829.3618,482.12,5,24.93775,0.41,20.0,3.0,large-vehicle,No,1
45060,158,29.5,831.855575,480.99,5,24.97825,0.51,20.0,3.0,large-vehicle,No,1
45061,158,29.6,834.3534,479.86,5,25.029,0.59,20.0,3.0,large-vehicle,No,1
45062,158,29.7,836.8563,478.72,5,25.08825,0.61,20.0,3.0,large-vehicle,No,1
45063,158,29.8,839.365125,477.58,5,25.1495,0.59,20.0,3.0,large-vehicle,No,1
45064,158,29.9,841.880075,476.43,5,25.2085,0.5,20.0,3.0,large-vehicle,No,1
45065,158,30.0,844.400925,475.27,5,25.25875,0.43,20.0,3.0,large-vehicle,No,1
45066,158,30.1,846.9268,474.11,5,25.3015,0.32,20.0,3.0,large-vehicle,No,1
45067,158,30.2,849.45695,472.95,5,25.33325,0.16,20.0,3.0,large-vehicle,No,1
45068,158,30.3,851.990275,471.79,5,25.34925,0.06,20.0,3.0,large-vehicle,No,1
45069,158,30.4,854.5252,470.63,5,25.355,-0.02,20.0,3.0,large-vehicle,No,1
45070,158,30.5,857.0607,469.46,5,25.35275,-0.13,20.0,3.0,large-vehicle,No,1
45071,158,30.6,859.595975,468.3,5,25.33975,-0.2,20.0,3.0,large-vehicle,No,1
45072,158,30.7,862.12995,467.13,5,25.31975,-0.25,20.0,3.0,large-vehicle,No,1
45073,158,30.8,864.661925,465.96,5,25.2945,-0.27,20.0,3.0,large-vehicle,No,1
45074,158,30.9,867.191375,464.79,5,25.2675,-0.22,20.0,3.0,large-vehicle,No,1
45075,158,31.0,869.718125,463.61,5,25.2455,-0.17,20.0,3.0,large-vehicle,No,1
45076,158,31.1,872.242675,462.44,5,25.22875,-0.19,20.0,3.0,large-vehicle,No,1
45077,158,31.2,874.76555,461.26,5,25.21025,-0.21,20.0,3.0,large-vehicle,No,1
45078,158,31.3,877.286575,460.08,5,25.189,-0.24,20.0,3.0,large-vehicle,No,1
45079,158,31.4,879.805475,458.89,5,25.1655,-0.29,20.0,3.0,large-vehicle,No,1
45080,158,31.5,882.322025,457.71,5,25.13675,-0.34,20.0,3.0,large-vehicle,No,1
45081,158,31.6,884.8357,456.53,5,25.10225,-0.39,20.0,3.0,large-vehicle,No,1
45082,158,31.7,887.345925,455.35,5,25.06325,-0.44,20.0,3.0,large-vehicle,No,1
45083,158,31.8,889.85225,454.17,5,25.019,-0.49,20.0,3.0,large-vehicle,No,1
45084,158,31.9,892.35415,453.0,5,24.9695,-0.57,20.0,3.0,large-vehicle,No,1
45085,158,32.0,894.8511,451.82,5,24.9125,-0.65,20.0,3.0,large-vehicle,No,1
45086,158,32.1,897.34235,450.65,5,24.84775,-0.67,20.0,3.0,large-vehicle,No,1
45087,158,32.2,899.827125,449.49,5,24.78025,-0.7,20.0,3.0,large-vehicle,No,1
45088,158,32.3,902.30515,448.32,5,24.7105,-0.72,20.0,3.0,large-vehicle,No,1
45089,158,32.4,904.7762,447.16,5,24.6385,-0.72,20.0,3.0,large-vehicle,No,1
45090,158,32.5,907.24005,446.01,5,24.56675,-0.71,20.0,3.0,large-vehicle,No,1
45091,158,32.6,909.696725,444.85,5,24.49575,-0.71,20.0,3.0,large-vehicle,No,1
45092,158,32.7,912.1463,443.7,5,24.4245,-0.71,20.0,3.0,large-vehicle,No,1
45093,158,32.8,914.58875,442.55,5,24.3535,-0.74,20.0,3.0,large-vehicle,No,1
45094,158,32.9,917.0241,441.41,5,24.27925,-0.84,20.0,3.0,large-vehicle,No,1
45095,158,33.0,919.452025,440.27,5,24.19525,-1.0,20.0,3.0,large-vehicle,No,1
45096,158,33.1,921.87155,439.13,5,24.09525,-1.16,20.0,3.0,large-vehicle,No,1
45097,158,33.2,924.281075,438.0,5,23.9795,-1.34,20.0,3.0,large-vehicle,No,1
45098,158,33.3,926.679025,436.88,5,23.846,-1.47,20.0,3.0,large-vehicle,No,1
45099,158,33.4,929.063625,435.77,5,23.6995,-1.49,20.0,3.0,large-vehicle,No,1
45100,158,33.5,931.433575,434.67,5,23.55075,-1.46,20.0,3.0,large-vehicle,No,1
45101,158,33.6,933.78865,433.58,5,23.40525,-1.35,20.0,3.0,large-vehicle,No,1
45102,158,33.7,936.129175,432.49,5,23.2705,-1.18,20.0,3.0,large-vehicle,No,1
45103,158,33.8,938.456225,431.41,5,23.1525,-1.0,20.0,3.0,large-vehicle,No,1
45104,158,33.9,940.771475,430.34,5,23.05275,-0.81,20.0,3.0,large-vehicle,No,1
45105,158,34.0,943.07675,429.27,5,22.9715,-0.63,20.0,3.0,large-vehicle,No,1
45106,158,34.1,945.3739,428.21,5,22.909,-0.39,20.0,3.0,large-vehicle,No,1
45107,158,34.2,947.6648,427.15,5,22.87025,-0.16,20.0,3.0,large-vehicle,No,1
45108,158,34.3,949.951825,426.1,5,22.8545,-0.01,20.0,3.0,large-vehicle,No,1
45109,158,34.4,952.237275,425.05,5,22.854,0.1,20.0,3.0,large-vehicle,No,1
45110,158,34.5,954.522675,424.01,5,22.864,0.2,20.0,3.0,large-vehicle,No,1
45111,158,34.6,956.809075,422.97,5,22.88375,0.24,20.0,3.0,large-vehicle,No,1
45112,158,34.7,959.09745,421.93,5,22.908,0.27,20.0,3.0,large-vehicle,No,1
45113,158,34.8,961.38825,420.9,5,22.935,0.28,20.0,3.0,large-vehicle,No,1
45114,158,34.9,963.68175,419.87,5,22.96325,0.26,20.0,3.0,large-vehicle,No,1
45115,158,35.0,965.978075,418.84,5,22.98925,0.23,20.0,3.0,large-vehicle,No,1
45116,158,35.1,968.277,417.82,5,23.01175,0.22,20.0,3.0,large-vehicle,No,1
45117,158,35.2,970.578175,416.79,5,23.034,0.19,20.0,3.0,large-vehicle,No,1
45118,158,35.3,972.881575,415.76,5,23.0535,0.16,20.0,3.0,large-vehicle,No,1
45119,158,35.4,975.186925,414.73,5,23.0695,0.19,20.0,3.0,large-vehicle,No,1
45120,158,35.5,977.493875,413.7,5,23.08875,0.21,20.0,3.0,large-vehicle,No,1
45121,158,35.6,979.80275,412.67,5,23.10975,0.24,20.0,3.0,large-vehicle,No,1
45122,158,35.7,982.113725,411.63,5,23.13375,0.29,20.0,3.0,large-vehicle,No,1
45123,158,35.8,984.4271,410.6,5,23.16325,0.31,20.0,3.0,large-vehicle,No,1
45124,158,35.9,986.743425,409.56,5,23.19425,0.34,20.0,3.0,large-vehicle,No,1
45125,158,36.0,989.06285,408.52,5,23.22875,0.42,20.0,3.0,large-vehicle,No,1
45126,158,36.1,991.385725,407.48,5,23.2705,0.49,20.0,3.0,large-vehicle,No,1
45127,158,36.2,993.712775,406.44,5,23.31975,0.57,20.0,3.0,large-vehicle,No,1
45128,158,36.3,996.04475,405.4,5,23.37725,0.68,20.0,3.0,large-vehicle,No,1
45129,158,36.4,998.382475,404.36,5,23.44475,0.78,20.0,3.0,large-vehicle,No,1
45130,158,36.5,1000.72695,403.32,5,23.5225,0.96,20.0,3.0,large-vehicle,No,1
45131,158,36.6,1003.0792,402.27,5,23.61875,1.2,20.0,3.0,large-vehicle,No,1
45132,158,36.7,1005.441075,401.22,5,23.73825,1.37,20.0,3.0,large-vehicle,No,1
45133,158,36.8,1007.8149,400.17,5,23.8755,1.56,20.0,3.0,large-vehicle,No,1
45134,158,36.9,1010.20245,399.11,5,24.03125,1.73,20.0,3.0,large-vehicle,No,1
45135,158,37.0,1012.605575,398.05,5,24.2045,1.81,20.0,3.0,large-vehicle,No,1
45136,158,37.1,1015.026025,396.98,5,24.3855,1.77,20.0,3.0,large-vehicle,No,1
45137,158,37.2,1017.464575,395.9,5,24.5625,1.74,20.0,3.0,large-vehicle,No,1
45138,158,37.3,1019.920825,394.81,5,24.7365,1.69,20.0,3.0,large-vehicle,No,1
45139,158,37.4,1022.394475,393.72,5,24.905,1.51,20.0,3.0,large-vehicle,No,1
45140,158,37.5,1024.884975,392.63,5,25.0565,1.31,20.0,3.0,large-vehicle,No,1
45141,158,37.6,1027.390625,391.53,5,25.18725,1.09,20.0,3.0,large-vehicle,No,1
45142,158,37.7,1029.90935,390.43,5,25.2965,0.91,20.0,3.0,large-vehicle,No,1
45143,158,37.8,1032.439,389.32,5,25.38725,0.72,20.0,3.0,large-vehicle,No,1
45144,158,37.9,1034.977725,388.22,5,25.459,0.52,20.0,3.0,large-vehicle,No,1
45145,158,38.0,1037.523625,387.11,5,25.5105,0.36,20.0,3.0,large-vehicle,No,1
45146,158,38.1,1040.074675,385.99,5,25.5465,0.29,20.0,3.0,large-vehicle,No,1
45147,158,38.2,1042.629325,384.88,5,25.575,0.28,20.0,3.0,large-vehicle,No,1
45148,158,38.3,1045.186825,383.76,5,25.6035,0.35,20.0,3.0,large-vehicle,No,1
45149,158,38.4,1047.747175,382.65,5,25.6385,0.43,20.0,3.0,large-vehicle,No,1
45150,158,38.5,1050.311025,381.53,5,25.681,0.57,20.0,3.0,large-vehicle,No,1
45151,158,38.6,1052.879125,380.41,5,25.738,0.75,20.0,3.0,large-vehicle,No,1
45152,158,38.7,1055.452925,379.29,5,25.81325,0.94,20.0,3.0,large-vehicle,No,1
45153,158,38.8,1058.03425,378.16,5,25.90725,1.07,20.0,3.0,large-vehicle,No,1
45154,158,38.9,1060.624975,377.03,5,26.014,1.2,20.0,3.0,large-vehicle,No,1
45155,158,39.0,1063.226375,375.9,5,26.13425,1.33,20.0,3.0,large-vehicle,No,1
45156,158,39.1,1065.8398,374.76,5,26.267,1.41,20.0,3.0,large-vehicle,No,1
45157,158,39.2,1068.4665,373.62,5,26.4075,1.43,20.0,3.0,large-vehicle,No,1
45158,158,39.3,1071.10725,372.47,5,26.55025,1.4,20.0,3.0,large-vehicle,No,1
45159,158,39.4,1073.762275,371.32,5,26.68975,1.31,20.0,3.0,large-vehicle,No,1
45160,158,39.5,1076.43125,370.17,5,26.82125,1.18,20.0,3.0,large-vehicle,No,1
45161,158,39.6,1079.113375,369.01,5,26.9395,0.97,20.0,3.0,large-vehicle,No,1
45162,158,39.7,1081.807325,367.85,5,27.03625,0.7,20.0,3.0,large-vehicle,No,1
45163,158,39.8,1084.51095,366.69,5,27.10675,0.42,20.0,3.0,large-vehicle,No,1
45164,158,39.9,1087.221625,365.53,5,27.14825,0.1,20.0,3.0,large-vehicle,No,1
45165,158,40.0,1089.93645,364.37,5,27.158,-0.24,20.0,3.0,large-vehicle,No,1
45166,158,40.1,1092.65225,363.21,5,27.13425,-0.63,20.0,3.0,large-vehicle,No,1
45167,158,40.2,1095.365675,362.06,5,27.071,-0.99,20.0,3.0,large-vehicle,No,1
45168,158,40.3,1098.072775,360.91,5,26.97175,-1.3,20.0,3.0,large-vehicle,No,1
45169,158,40.4,1100.76995,359.77,5,26.842,-1.58,20.0,3.0,large-vehicle,No,1
45170,158,40.5,1103.45415,358.63,5,26.68425,-1.75,20.0,3.0,large-vehicle,No,1
45171,158,40.6,1106.122575,357.51,5,26.50875,-1.82,20.0,3.0,large-vehicle,No,1
45172,158,40.7,1108.77345,356.38,5,26.32675,-1.81,20.0,3.0,large-vehicle,No,1
45173,158,40.8,1111.406125,355.27,5,26.146,-1.72,20.0,3.0,large-vehicle,No,1
45174,158,40.9,1114.020725,354.16,5,25.9745,-1.6,20.0,3.0,large-vehicle,No,1
45175,158,41.0,1116.618175,353.05,5,25.8145,-1.44,20.0,3.0,large-vehicle,No,1
45176,158,41.1,1119.199625,351.95,5,25.67075,-1.19,20.0,3.0,large-vehicle,No,1
45177,158,41.2,1121.7667,350.86,5,25.5515,-0.96,20.0,3.0,large-vehicle,No,1
45178,158,41.3,1124.32185,349.76,5,25.456,-0.76,20.0,3.0,large-vehicle,No,1
45179,158,41.4,1126.86745,348.67,5,25.38,-0.59,20.0,3.0,large-vehicle,No,1
45180,158,41.5,1129.40545,347.58,5,25.3215,-0.4,20.0,3.0,large-vehicle,No,1
45181,158,41.6,1131.9376,346.49,5,25.28175,-0.29,20.0,3.0,large-vehicle,No,1
45182,158,41.7,1134.465775,345.41,5,25.25225,-0.3,20.0,3.0,large-vehicle,No,1
45183,158,41.8,1136.991,344.32,5,25.22225,-0.35,20.0,3.0,large-vehicle,No,1
45184,158,41.9,1139.513225,343.25,5,25.18725,-0.44,20.0,3.0,large-vehicle,No,1
45185,158,42.0,1142.03195,342.17,5,25.143,-0.63,20.0,3.0,large-vehicle,No,1
45186,158,42.1,1144.54625,341.11,5,25.0805,-0.89,20.0,3.0,large-vehicle,No,1
45187,158,42.2,1147.0543,340.05,5,24.99175,-1.15,20.0,3.0,large-vehicle,No,1
45188,158,42.3,1149.553475,339.0,5,24.87675,-1.39,20.0,3.0,large-vehicle,No,1
45189,158,42.4,1152.04115,337.97,5,24.738,-1.57,20.0,3.0,large-vehicle,No,1
45190,158,42.5,1154.51495,336.95,5,24.5805,-1.75,20.0,3.0,large-vehicle,No,1
45191,158,42.6,1156.973,335.94,5,24.4055,-1.9,20.0,3.0,large-vehicle,No,1
45192,158,42.7,1159.41355,334.94,5,24.21525,-1.98,20.0,3.0,large-vehicle,No,1
45193,158,42.8,1161.835075,333.96,5,24.01725,-2.02,20.0,3.0,large-vehicle,No,1
45194,158,42.9,1164.2368,333.0,5,23.81525,-1.99,20.0,3.0,large-vehicle,No,1
45195,158,43.0,1166.618325,332.04,5,23.61575,-1.82,20.0,3.0,large-vehicle,No,1
45196,158,43.1,1168.9799,331.1,5,23.43375,-1.56,20.0,3.0,large-vehicle,No,1
45197,158,43.2,1171.323275,330.18,5,23.27775,-1.18,20.0,3.0,large-vehicle,No,1
45198,158,43.3,1173.65105,329.26,5,23.1595,-0.76,20.0,3.0,large-vehicle,No,1
45199,158,43.4,1175.967,328.35,5,23.083,-0.34,20.0,3.0,large-vehicle,No,1
45200,158,43.5,1178.2753,327.44,5,23.049,0.08,20.0,3.0,large-vehicle,No,1
45201,158,43.6,1180.5802,326.54,5,23.05675,0.49,20.0,3.0,large-vehicle,No,1
45202,158,43.7,1182.885875,325.64,5,23.10575,0.88,20.0,3.0,large-vehicle,No,1
45203,158,43.8,1185.19645,324.74,5,23.19375,1.21,20.0,3.0,large-vehicle,No,1
45204,158,43.9,1187.515825,323.85,5,23.3145,1.46,20.0,3.0,large-vehicle,No,1
45205,158,44.0,1189.847275,322.96,5,23.46075,1.58,20.0,3.0,large-vehicle,No,1
45206,158,44.1,1192.19335,322.07,5,23.619,1.57,20.0,3.0,large-vehicle,No,1
45207,158,44.2,1194.55525,321.18,5,23.77575,1.48,20.0,3.0,large-vehicle,No,1
45208,158,44.3,1196.932825,320.29,5,23.92375,1.36,20.0,3.0,large-vehicle,No,1
45209,158,44.4,1199.3252,319.41,5,24.05975,1.22,20.0,3.0,large-vehicle,No,1
45210,158,44.5,1201.731175,318.54,5,24.1815,1.03,20.0,3.0,large-vehicle,No,1
45211,158,44.6,1204.149325,317.68,5,24.2845,0.84,20.0,3.0,large-vehicle,No,1
45212,158,44.7,1206.577775,316.82,5,24.36875,0.68,20.0,3.0,large-vehicle,No,1
45213,158,44.8,1209.01465,315.97,5,24.4365,0.52,20.0,3.0,large-vehicle,No,1
45214,158,44.9,1211.4583,315.13,5,24.48825,0.39,20.0,3.0,large-vehicle,No,1
45215,158,45.0,1213.907125,314.3,5,24.52675,0.28,20.0,3.0,large-vehicle,No,1
45216,158,45.1,1216.3598,313.48,5,24.555,0.21,20.0,3.0,large-vehicle,No,1
45217,158,45.2,1218.8153,312.67,5,24.5755,0.18,20.0,3.0,large-vehicle,No,1
45218,158,45.3,1221.27285,311.86,5,24.5935,0.21,20.0,3.0,large-vehicle,No,1
45219,158,45.4,1223.7322,311.07,5,24.61475,0.32,20.0,3.0,large-vehicle,No,1
45220,158,45.5,1226.193675,310.28,5,24.64675,0.44,20.0,3.0,large-vehicle,No,1
45221,158,45.6,1228.65835,309.5,5,24.69125,0.56,20.0,3.0,large-vehicle,No,1
45222,158,45.7,1231.127475,308.72,5,24.747,0.67,20.0,3.0,large-vehicle,No,1
45223,158,45.8,1233.602175,307.95,5,24.81375,0.79,20.0,3.0,large-vehicle,No,1
45224,158,45.9,1236.08355,307.19,5,24.893,0.95,20.0,3.0,large-vehicle,No,1
45225,158,46.0,1238.57285,306.42,5,24.98825,1.05,20.0,3.0,large-vehicle,No,1
45226,158,46.1,1241.071675,305.66,5,25.09325,1.13,20.0,3.0,large-vehicle,No,1
45227,158,46.2,1243.581,304.91,5,25.20625,1.21,20.0,3.0,large-vehicle,No,1
45228,158,46.3,1246.101625,304.16,5,25.327,1.21,20.0,3.0,large-vehicle,No,1
45229,158,46.4,1248.634325,303.41,5,25.4475,1.17,20.0,3.0,large-vehicle,No,1
45230,158,46.5,1251.179075,302.66,5,25.56475,1.11,20.0,3.0,large-vehicle,No,1
45231,158,46.6,1253.73555,301.92,5,25.67625,0.98,20.0,3.0,large-vehicle,No,1
45232,158,46.7,1256.303175,301.19,5,25.77425,0.82,20.0,3.0,large-vehicle,No,1
45233,158,46.8,1258.8806,300.46,5,25.85625,0.64,20.0,3.0,large-vehicle,No,1
45234,158,46.9,1261.466225,299.74,5,25.91975,0.45,20.0,3.0,large-vehicle,No,1
45235,158,47.0,1264.0582,299.02,5,25.96475,0.27,20.0,3.0,large-vehicle,No,1
45236,158,47.1,1266.654675,298.32,5,25.992,0.11,20.0,3.0,large-vehicle,No,1
45237,158,47.2,1269.253875,297.63,5,26.00325,0.04,20.0,3.0,large-vehicle,No,1
45238,158,47.3,1271.8542,296.94,5,26.007,-0.04,20.0,3.0,large-vehicle,No,1
45239,158,47.4,1274.4549,296.27,5,26.00325,-0.11,20.0,3.0,large-vehicle,No,1
45240,158,47.5,1277.055225,295.6,5,25.992,-0.1,20.0,3.0,large-vehicle,No,1
45241,158,47.6,1279.654425,294.95,5,25.9815,-0.02,20.0,3.0,large-vehicle,No,1
45242,158,47.7,1282.252575,294.3,5,25.97925,0.08,20.0,3.0,large-vehicle,No,1
45243,158,47.8,1284.8505,293.66,5,25.98775,0.17,20.0,3.0,large-vehicle,No,1
45244,158,47.9,1287.449275,293.03,5,26.0045,0.22,20.0,3.0,large-vehicle,No,1
45245,158,48.0,1290.049725,292.41,5,26.0265,0.3,20.0,3.0,large-vehicle,No,1
45246,158,48.1,1292.652375,291.79,5,26.0565,0.38,20.0,3.0,large-vehicle,No,1
45247,158,48.2,1295.258025,291.19,5,26.09475,0.41,20.0,3.0,large-vehicle,No,1
45248,158,48.3,1297.8675,290.58,5,26.1355,0.43,20.0,3.0,large-vehicle,No,1
45249,158,48.4,1300.48105,289.99,5,26.17875,0.46,20.0,3.0,large-vehicle,No,1
45250,158,48.5,1303.098925,289.4,5,26.2245,0.46,20.0,3.0,large-vehicle,No,1
45251,158,48.6,1305.721375,288.82,5,26.27025,0.45,20.0,3.0,large-vehicle,No,1
45252,158,48.7,1308.3484,288.25,5,26.31525,0.43,20.0,3.0,large-vehicle,No,1
45253,158,48.8,1310.979925,287.69,5,26.35875,0.4,20.0,3.0,large-vehicle,No,1
45254,158,48.9,1313.6158,287.13,5,26.39875,0.37,20.0,3.0,large-vehicle,No,1
45255,158,49.0,1316.255675,286.58,5,26.43625,0.32,20.0,3.0,large-vehicle,No,1
45256,158,49.1,1318.8993,286.03,5,26.4685,0.27,20.0,3.0,large-vehicle,No,1
45257,158,49.2,1321.54615,285.5,5,26.49525,0.22,20.0,3.0,large-vehicle,No,1
45258,158,49.3,1324.195675,284.97,5,26.517,0.19,20.0,3.0,large-vehicle,No,1
45259,158,49.4,1326.847375,284.45,5,26.53625,0.19,20.0,3.0,large-vehicle,No,1
45260,158,49.5,1329.501,283.94,5,26.5555,0.17,20.0,3.0,large-vehicle,No,1
45261,158,49.6,1332.15655,283.43,5,26.572,0.14,20.0,3.0,large-vehicle,No,1
45262,158,49.7,1334.81375,282.94,5,26.58625,0.14,20.0,3.0,large-vehicle,No,1
45263,158,49.8,1337.472375,282.45,5,26.6005,0.14,20.0,3.0,large-vehicle,No,1
45264,158,49.9,1340.132425,281.97,5,26.6145,0.17,20.0,3.0,large-vehicle,No,1
45265,158,50.0,1342.793875,281.5,5,26.63175,0.17,20.0,3.0,large-vehicle,No,1
45266,158,50.1,1345.45705,281.04,5,26.649,0.15,20.0,3.0,large-vehicle,No,1
45267,158,50.2,1348.12195,280.58,5,26.66375,0.2,20.0,3.0,large-vehicle,No,1
45268,158,50.3,1350.788325,280.14,5,26.6835,0.25,20.0,3.0,large-vehicle,No,1
45269,158,50.4,1353.456675,279.7,5,26.7085,0.2,20.0,3.0,large-vehicle,No,1
45270,158,50.5,1356.127525,279.27,5,26.7285,0.15,20.0,3.0,large-vehicle,No,1
45271,158,50.6,1358.800375,278.84,5,26.74325,0.15,20.0,3.0,large-vehicle,No,1
45272,158,50.7,1361.4747,278.43,5,26.758,0.12,20.0,3.0,large-vehicle,No,1
45273,158,50.8,1364.1505,278.02,5,26.76975,0.07,20.0,3.0,large-vehicle,No,1
45274,158,50.9,1366.827475,277.62,5,26.7765,0.01,20.0,3.0,large-vehicle,No,1
45275,158,51.0,1369.505125,277.23,5,26.778,-0.01,20.0,3.0,large-vehicle,No,1
45276,158,51.1,1372.182925,276.85,5,26.777,-0.01,20.0,3.0,large-vehicle,No,1
45277,158,51.2,1374.860625,276.48,5,26.776,-0.01,20.0,3.0,large-vehicle,No,1
45278,158,51.3,1377.538225,276.11,5,26.775,-0.01,20.0,3.0,large-vehicle,No,1
45279,158,51.4,1380.215725,275.75,5,26.77425,0.05,20.0,3.0,large-vehicle,No,1
45280,158,51.5,1382.89315,275.4,5,26.77925,0.21,20.0,3.0,large-vehicle,No,1
45281,158,51.6,1385.571075,275.06,5,26.8,0.42,20.0,3.0,large-vehicle,No,1
45282,158,51.7,1388.251075,274.73,5,26.84175,0.6,20.0,3.0,large-vehicle,No,1
45283,158,51.8,1390.93525,274.4,5,26.902,0.76,20.0,3.0,large-vehicle,No,1
45284,158,51.9,1393.62545,274.08,5,26.97825,0.94,20.0,3.0,large-vehicle,No,1
45285,158,52.0,1396.323275,273.77,5,27.072,1.06,20.0,3.0,large-vehicle,No,1
45286,158,52.1,1399.030475,273.47,5,27.1785,1.12,20.0,3.0,large-vehicle,No,1
45287,158,52.2,1401.748325,273.17,5,27.29025,1.19,20.0,3.0,large-vehicle,No,1
45288,158,52.3,1404.47735,272.88,5,27.4095,1.24,20.0,3.0,large-vehicle,No,1
45289,158,52.4,1407.2183,272.59,5,27.53325,1.23,20.0,3.0,large-vehicle,No,1
45290,158,52.5,1409.971625,272.32,5,27.65625,1.23,20.0,3.0,large-vehicle,No,1
45291,158,52.6,1412.73725,272.04,5,27.7795,1.25,20.0,3.0,large-vehicle,No,1
45292,158,52.7,1415.5152,271.78,5,27.9045,1.28,20.0,3.0,large-vehicle,No,1
45293,158,52.8,1418.30565,271.52,5,28.032,1.22,20.0,3.0,large-vehicle,No,1
45294,158,52.9,1421.10885,271.27,5,28.154,1.14,20.0,3.0,large-vehicle,No,1
45295,158,53.0,1423.92425,271.02,5,28.26775,1.11,20.0,3.0,large-vehicle,No,1
45296,158,53.1,1426.751025,270.78,5,28.379,1.1,20.0,3.0,large-vehicle,No,1
45297,158,53.2,1429.588925,270.54,5,28.48925,1.08,20.0,3.0,large-vehicle,No,1
45298,158,53.3,1432.43785,270.31,5,28.59775,1.02,20.0,3.0,large-vehicle,No,1
45299,158,53.4,1435.297625,270.08,5,28.70025,1.0,20.0,3.0,large-vehicle,No,1
45300,158,53.5,1438.16765,269.86,5,28.8005,0.97,20.0,3.0,large-vehicle,No,1
45301,158,53.6,1441.0477,269.65,5,28.89725,0.89,20.0,3.0,large-vehicle,No,1
45302,158,53.7,1443.937425,269.44,5,28.9865,0.82,20.0,3.0,large-vehicle,No,1
45303,158,53.8,1446.836075,269.23,5,29.06825,0.76,20.0,3.0,large-vehicle,No,1
45304,158,53.9,1449.7429,269.03,5,29.14475,0.68,20.0,3.0,large-vehicle,No,1
45305,158,54.0,1452.657375,268.84,5,29.21275,0.61,20.0,3.0,large-vehicle,No,1
45306,158,54.1,1455.57865,268.65,5,29.27375,0.58,20.0,3.0,large-vehicle,No,1
45307,158,54.2,1458.506025,268.46,5,29.332,0.56,20.0,3.0,large-vehicle,No,1
45308,158,54.3,1461.439225,268.28,5,29.38775,0.51,20.0,3.0,large-vehicle,No,1
45309,158,54.4,1464.378,268.1,5,29.4385,0.48,20.0,3.0,large-vehicle,No,1
45310,158,54.5,1467.32185,267.92,5,29.48675,0.49,20.0,3.0,large-vehicle,No,1
45311,158,54.6,1470.270525,267.75,5,29.53575,0.46,20.0,3.0,large-vehicle,No,1
45312,158,54.7,1473.2241,267.59,5,29.58125,0.38,20.0,3.0,large-vehicle,No,1
45313,158,54.8,1476.182225,267.42,5,29.61975,0.25,20.0,3.0,large-vehicle,No,1
45314,158,54.9,1479.1442,267.26,5,29.645,0.04,20.0,3.0,large-vehicle,No,1
45315,158,55.0,1482.1087,267.1,5,29.64925,-0.3,20.0,3.0,large-vehicle,No,1
45316,158,55.1,1485.073625,266.94,5,29.619,-0.72,20.0,3.0,large-vehicle,No,1
45317,158,55.2,1488.035525,266.79,5,29.54725,-1.13,20.0,3.0,large-vehicle,No,1
45318,158,55.3,1490.99025,266.64,5,29.43425,-1.55,20.0,3.0,large-vehicle,No,1
45319,158,55.4,1493.933675,266.5,5,29.279,-1.88,20.0,3.0,large-vehicle,No,1
45320,158,55.5,1496.861575,266.36,5,29.091,-2.11,20.0,3.0,large-vehicle,No,1
45321,158,55.6,1499.770675,266.23,5,28.88,-2.28,20.0,3.0,large-vehicle,No,1
45322,158,55.7,1502.658675,266.1,5,28.65225,-2.4,20.0,3.0,large-vehicle,No,1
45323,158,55.8,1505.5239,265.98,5,28.412,-2.52,20.0,3.0,large-vehicle,No,1
45324,158,55.9,1508.3651,265.86,5,28.16025,-2.64,20.0,3.0,large-vehicle,No,1
45325,158,56.0,1511.181125,265.75,5,27.8965,-2.69,20.0,3.0,large-vehicle,No,1
45326,158,56.1,1513.970775,265.64,5,27.628,-2.67,20.0,3.0,large-vehicle,No,1
45327,158,56.2,1516.733575,265.54,5,27.36075,-2.67,20.0,3.0,large-vehicle,No,1
45328,158,56.3,1519.46965,265.44,5,27.09425,-2.65,20.0,3.0,large-vehicle,No,1
45329,158,56.4,1522.179075,265.34,5,26.82875,-2.6,20.0,3.0,large-vehicle,No,1
45330,158,56.5,1524.86195,265.24,5,26.56925,-2.49,20.0,3.0,large-vehicle,No,1
45331,158,56.6,1527.518875,265.15,5,26.32075,-2.37,20.0,3.0,large-vehicle,No,1
45332,158,56.7,1530.15095,265.07,5,26.0835,-2.21,20.0,3.0,large-vehicle,No,1
45333,158,56.8,1532.7593,264.98,5,25.863,-2.0,20.0,3.0,large-vehicle,No,1
45334,158,56.9,1535.3456,264.9,5,25.66325,-1.76,20.0,3.0,large-vehicle,No,1
45335,158,57.0,1537.911925,264.83,5,25.48725,-1.53,20.0,3.0,large-vehicle,No,1
45336,158,57.1,1540.46065,264.75,5,25.33475,-1.34,20.0,3.0,large-vehicle,No,1
45337,158,57.2,1542.994125,264.68,5,25.201,-1.15,20.0,3.0,large-vehicle,No,1
45338,158,57.3,1545.514225,264.61,5,25.08575,-0.95,20.0,3.0,large-vehicle,No,1
45339,158,57.4,1548.0228,264.54,5,24.9905,-0.8,20.0,3.0,large-vehicle,No,1
45340,158,57.5,1550.52185,264.47,5,24.9105,-0.75,20.0,3.0,large-vehicle,No,1
45341,158,57.6,1553.0129,264.41,5,24.8355,-0.76,20.0,3.0,large-vehicle,No,1
45342,158,57.7,1555.49645,264.35,5,24.75975,-0.82,20.0,3.0,large-vehicle,No,1
45343,158,57.8,1557.972425,264.28,5,24.67825,-0.95,20.0,3.0,large-vehicle,No,1
45344,158,57.9,1560.44025,264.22,5,24.58325,-1.12,20.0,3.0,large-vehicle,No,1
45345,158,58.0,1562.898575,264.16,5,24.4715,-1.3,20.0,3.0,large-vehicle,No,1
45346,158,58.1,1565.345725,264.11,5,24.34125,-1.49,20.0,3.0,large-vehicle,No,1
45347,158,58.2,1567.77985,264.05,5,24.19225,-1.62,20.0,3.0,large-vehicle,No,1
45348,158,58.3,1570.199075,264.0,5,24.0305,-1.7,20.0,3.0,large-vehicle,No,1
45349,158,58.4,1572.602125,263.94,5,23.861,-1.69,20.0,3.0,large-vehicle,No,1
45350,158,58.5,1574.988225,263.89,5,23.692,-1.58,20.0,3.0,large-vehicle,No,1
45351,158,58.6,1577.357425,263.84,5,23.5335,-1.4,20.0,3.0,large-vehicle,No,1
45352,158,58.7,1579.710775,263.8,5,23.3935,-1.21,20.0,3.0,large-vehicle,No,1
45353,158,58.8,1582.050125,263.75,5,23.27225,-1.03,20.0,3.0,large-vehicle,No,1
45354,158,58.9,1584.37735,263.7,5,23.16975,-0.79,20.0,3.0,large-vehicle,No,1
45355,158,59.0,1586.694325,263.65,5,23.0905,-0.59,20.0,3.0,large-vehicle,No,1
45356,158,59.1,1589.003375,263.6,5,23.0315,-0.45,20.0,3.0,large-vehicle,No,1
45357,158,59.2,1591.306525,263.55,5,22.98625,-0.33,20.0,3.0,large-vehicle,No,1
45358,158,59.3,1593.60515,263.5,5,22.9535,-0.17,20.0,3.0,large-vehicle,No,1
45359,158,59.4,1595.9005,263.44,5,22.936,-0.02,20.0,3.0,large-vehicle,No,1
45360,158,59.5,1598.1941,263.39,5,22.93425,0.16,20.0,3.0,large-vehicle,No,1
45361,158,59.6,1600.487525,263.33,5,22.95,0.28,20.0,3.0,large-vehicle,No,1
45362,158,59.7,1602.782525,263.28,5,22.97775,0.3,20.0,3.0,large-vehicle,No,1
45363,158,59.8,1605.0803,263.22,5,23.00825,0.29,20.0,3.0,large-vehicle,No,1
45364,158,59.9,1607.381125,263.16,5,23.03775,0.26,20.0,3.0,large-vehicle,No,1
45365,158,60.0,1609.6849,263.1,5,23.064,0.15,20.0,3.0,large-vehicle,No,1
45366,158,60.1,1611.9913,263.04,5,23.0795,-0.06,20.0,3.0,large-vehicle,No,1
45367,158,60.2,1614.29925,262.98,5,23.073,-0.36,20.0,3.0,large-vehicle,No,1
45368,158,60.3,1616.60655,262.91,5,23.03725,-0.67,20.0,3.0,large-vehicle,No,1
45369,158,60.4,1618.910275,262.85,5,22.97025,-1.02,20.0,3.0,large-vehicle,No,1
45370,158,60.5,1621.2073,262.78,5,22.86825,-1.41,20.0,3.0,large-vehicle,No,1
45371,158,60.6,1623.494125,262.72,5,22.727,-1.75,20.0,3.0,large-vehicle,No,1
45372,158,60.7,1625.766825,262.65,5,22.55225,-1.98,20.0,3.0,large-vehicle,No,1
45373,158,60.8,1628.02205,262.58,5,22.3545,-2.18,20.0,3.0,large-vehicle,No,1
45374,158,60.9,1630.2575,262.52,5,22.1365,-2.3,20.0,3.0,large-vehicle,No,1
45375,158,61.0,1632.47115,262.45,5,21.9065,-2.27,20.0,3.0,large-vehicle,No,1
45376,158,61.1,1634.6618,262.38,5,21.6795,-2.1,20.0,3.0,large-vehicle,No,1
45377,158,61.2,1636.82975,262.32,5,21.4695,-1.8,20.0,3.0,large-vehicle,No,1
45378,158,61.3,1638.9767,262.25,5,21.28975,-1.4,20.0,3.0,large-vehicle,No,1
45379,158,61.4,1641.105675,262.18,5,21.1495,-1.0,20.0,3.0,large-vehicle,No,1
45380,158,61.5,1643.220625,262.12,5,21.04925,-0.6,20.0,3.0,large-vehicle,No,1
45381,158,61.6,1645.32555,262.05,5,20.98925,-0.19,20.0,3.0,large-vehicle,No,1
45382,158,61.7,1647.424475,261.98,5,20.97025,0.15,20.0,3.0,large-vehicle,No,1
45383,158,61.8,1649.5215,261.91,5,20.98525,0.41,20.0,3.0,large-vehicle,No,1
45384,158,61.9,1651.620025,261.84,5,21.02575,0.64,20.0,3.0,large-vehicle,No,1
45385,158,62.0,1653.7226,261.77,5,21.08975,0.76,20.0,3.0,large-vehicle,No,1
45386,158,62.1,1655.831575,261.69,5,21.16525,0.8,20.0,3.0,large-vehicle,No,1
45387,158,62.2,1657.9481,261.62,5,21.24525,0.82,20.0,3.0,large-vehicle,No,1
45388,158,62.3,1660.072625,261.55,5,21.327,0.76,20.0,3.0,large-vehicle,No,1
45389,158,62.4,1662.205325,261.47,5,21.40275,0.67,20.0,3.0,large-vehicle,No,1
45390,158,62.5,1664.3456,261.4,5,21.47,0.61,20.0,3.0,large-vehicle,No,1
45391,158,62.6,1666.4926,261.32,5,21.53125,0.5,20.0,3.0,large-vehicle,No,1
45392,158,62.7,1668.645725,261.24,5,21.581,0.36,20.0,3.0,large-vehicle,No,1
45393,158,62.8,1670.803825,261.16,5,21.6175,0.26,20.0,3.0,large-vehicle,No,1
45394,158,62.9,1672.965575,261.09,5,21.64325,0.09,20.0,3.0,large-vehicle,No,1
45395,158,63.0,1675.1299,261.01,5,21.65275,-0.06,20.0,3.0,large-vehicle,No,1
45396,158,63.1,1677.295175,260.93,5,21.647,-0.11,20.0,3.0,large-vehicle,No,1
45397,158,63.2,1679.459875,260.85,5,21.63575,-0.12,20.0,3.0,large-vehicle,No,1
45398,158,63.3,1681.62345,260.77,5,21.62375,-0.11,20.0,3.0,large-vehicle,No,1
45399,158,63.4,1683.785825,260.7,5,21.61275,-0.09,20.0,3.0,large-vehicle,No,1
45400,158,63.5,1685.9471,260.62,5,21.604,0.0,20.0,3.0,large-vehicle,No,1
45401,158,63.6,1688.1075,260.54,5,21.604,0.13,20.0,3.0,large-vehicle,No,1
45402,158,63.7,1690.2679,260.46,5,21.61725,0.29,20.0,3.0,large-vehicle,No,1
45403,158,63.8,1692.429625,260.39,5,21.64625,0.47,20.0,3.0,large-vehicle,No,1
45404,158,63.9,1694.59425,260.31,5,21.69375,0.71,20.0,3.0,large-vehicle,No,1
45405,158,64.0,1696.763625,260.23,5,21.76475,0.92,20.0,3.0,large-vehicle,No,1
45406,158,64.1,1698.9401,260.16,5,21.8565,1.07,20.0,3.0,large-vehicle,No,1
45407,158,64.2,1701.12575,260.08,5,21.9635,1.22,20.0,3.0,large-vehicle,No,1
45408,158,64.3,1703.3221,260.0,5,22.086,1.3,20.0,3.0,large-vehicle,No,1
45409,158,64.4,1705.5307,259.92,5,22.216,1.29,20.0,3.0,large-vehicle,No,1
45410,158,64.5,1707.7523,259.84,5,22.34525,1.26,20.0,3.0,large-vehicle,No,1
45411,158,64.6,1709.986825,259.76,5,22.47125,1.12,20.0,3.0,large-vehicle,No,1
45412,158,64.7,1712.23395,259.68,5,22.5835,0.91,20.0,3.0,large-vehicle,No,1
45413,158,64.8,1714.4923,259.59,5,22.67475,0.72,20.0,3.0,large-vehicle,No,1
45414,158,64.9,1716.759775,259.51,5,22.74675,0.53,20.0,3.0,large-vehicle,No,1
45415,158,65.0,1719.03445,259.43,5,22.80025,0.3,20.0,3.0,large-vehicle,No,1
45416,158,65.1,1721.314475,259.35,5,22.83,0.09,20.0,3.0,large-vehicle,No,1
45417,158,65.2,1723.597475,259.26,5,22.83875,-0.06,20.0,3.0,large-vehicle,No,1
45418,158,65.3,1725.88135,259.18,5,22.8325,-0.2,20.0,3.0,large-vehicle,No,1
45419,158,65.4,1728.1646,259.1,5,22.81275,-0.26,20.0,3.0,large-vehicle,No,1
45420,158,65.5,1730.445875,259.01,5,22.78625,-0.29,20.0,3.0,large-vehicle,No,1
45421,158,65.6,1732.7245,258.93,5,22.7575,-0.26,20.0,3.0,large-vehicle,No,1
45422,158,65.7,1735.00025,258.85,5,22.7315,-0.2,20.0,3.0,large-vehicle,No,1
45423,158,65.8,1737.2734,258.77,5,22.71175,-0.11,20.0,3.0,large-vehicle,No,1
45424,158,65.9,1739.544575,258.68,5,22.70025,-0.01,20.0,3.0,large-vehicle,No,1
45425,158,66.0,1741.8146,258.6,5,22.699,0.07,20.0,3.0,large-vehicle,No,1
45426,158,66.1,1744.0845,258.52,5,22.70625,0.12,20.0,3.0,large-vehicle,No,1
45427,158,66.2,1746.355125,258.44,5,22.7185,0.21,20.0,3.0,large-vehicle,No,1
45428,158,66.3,1748.626975,258.36,5,22.73925,0.26,20.0,3.0,large-vehicle,No,1
45429,158,66.4,1750.9009,258.29,5,22.76475,0.26,20.0,3.0,large-vehicle,No,1
45430,158,66.5,1753.177375,258.21,5,22.7905,0.28,20.0,3.0,large-vehicle,No,1
45431,158,66.6,1755.456425,258.13,5,22.81875,0.31,20.0,3.0,large-vehicle,No,1
45432,158,66.7,1757.7383,258.05,5,22.8495,0.31,20.0,3.0,large-vehicle,No,1
45433,158,66.8,1760.02325,257.98,5,22.88025,0.3,20.0,3.0,large-vehicle,No,1
45434,158,66.9,1762.311275,257.9,5,22.91025,0.31,20.0,3.0,large-vehicle,No,1
45435,158,67.0,1764.6023,257.83,5,22.94125,0.31,20.0,3.0,large-vehicle,No,1
45436,158,67.1,1766.896425,257.75,5,22.972,0.33,20.0,3.0,large-vehicle,No,1
45437,158,67.2,1769.193625,257.68,5,23.00475,0.36,20.0,3.0,large-vehicle,No,1
45438,158,67.3,1771.4941,257.6,5,23.04075,0.33,20.0,3.0,large-vehicle,No,1
45439,158,67.4,1773.798175,257.53,5,23.07325,0.28,20.0,3.0,large-vehicle,No,1
45440,158,67.5,1776.1055,257.45,5,23.101,0.22,20.0,3.0,large-vehicle,No,1
45441,158,67.6,1778.4156,257.38,5,23.1235,0.19,20.0,3.0,large-vehicle,No,1
45442,158,67.7,1780.72795,257.31,5,23.14275,0.17,20.0,3.0,large-vehicle,No,1
45443,158,67.8,1783.042225,257.23,5,23.16025,0.14,20.0,3.0,large-vehicle,No,1
45444,158,67.9,1785.35825,257.16,5,23.17425,0.17,20.0,3.0,large-vehicle,No,1
45445,158,68.0,1787.675675,257.09,5,23.191,0.18,20.0,3.0,large-vehicle,No,1
45446,158,68.1,1789.994775,257.02,5,23.2085,0.15,20.0,3.0,large-vehicle,No,1
45447,158,68.2,1792.315625,256.95,5,23.22325,0.17,20.0,3.0,large-vehicle,No,1
45448,158,68.3,1794.63795,256.89,5,23.2405,0.2,20.0,3.0,large-vehicle,No,1
45449,158,68.4,1796.962,256.82,5,23.26025,0.25,20.0,3.0,large-vehicle,No,1
45450,158,68.5,1799.288025,256.76,5,23.28575,0.36,20.0,3.0,large-vehicle,No,1
45451,158,68.6,1801.6166,256.7,5,23.3215,0.46,20.0,3.0,large-vehicle,No,1
45452,158,68.7,1803.94875,256.63,5,23.3675,0.57,20.0,3.0,large-vehicle,No,1
45453,158,68.8,1806.2855,256.57,5,23.4245,0.65,20.0,3.0,large-vehicle,No,1
45454,158,68.9,1808.62795,256.51,5,23.489,0.72,20.0,3.0,large-vehicle,No,1
45455,158,69.0,1810.97685,256.45,5,23.56125,0.8,20.0,3.0,large-vehicle,No,1
45456,158,69.1,1813.332975,256.38,5,23.64125,0.88,20.0,3.0,large-vehicle,No,1
45457,158,69.2,1815.6971,256.32,5,23.72925,0.98,20.0,3.0,large-vehicle,No,1
45458,158,69.3,1818.070025,256.25,5,23.827,1.03,20.0,3.0,large-vehicle,No,1
45459,158,69.4,1820.452725,256.19,5,23.93,1.02,20.0,3.0,large-vehicle,No,1
45460,158,69.5,1822.845725,256.12,5,24.03225,1.0,20.0,3.0,large-vehicle,No,1
45461,158,69.6,1825.24895,256.05,5,24.132,0.94,20.0,3.0,large-vehicle,No,1
45462,158,69.7,1827.66215,255.98,5,24.22575,0.89,20.0,3.0,large-vehicle,No,1
45463,158,69.8,1830.084725,255.91,5,24.3145,0.8,20.0,3.0,large-vehicle,No,1
45464,158,69.9,1832.516175,255.84,5,24.39475,0.69,20.0,3.0,large-vehicle,No,1
45465,158,70.0,1834.95565,255.77,5,24.46425,0.62,20.0,3.0,large-vehicle,No,1
45466,158,70.1,1837.402075,255.7,5,24.52625,0.57,20.0,3.0,large-vehicle,No,1
45467,158,70.2,1839.8547,255.63,5,24.583,0.49,20.0,3.0,large-vehicle,No,1
45468,158,70.3,1842.313,255.56,5,24.63175,0.44,20.0,3.0,large-vehicle,No,1
45469,158,70.4,1844.776175,255.49,5,24.67525,0.44,20.0,3.0,large-vehicle,No,1
45470,158,70.5,1847.2437,255.42,5,24.71875,0.44,20.0,3.0,large-vehicle,No,1
45471,158,70.6,1849.715575,255.36,5,24.7625,0.5,20.0,3.0,large-vehicle,No,1
45472,158,70.7,1852.191825,255.29,5,24.81225,0.6,20.0,3.0,large-vehicle,No,1
45473,158,70.8,1854.67305,255.22,5,24.8725,0.73,20.0,3.0,large-vehicle,No,1
45474,158,70.9,1857.1603,255.15,5,24.9455,0.86,20.0,3.0,large-vehicle,No,1
45475,158,71.0,1859.65485,255.09,5,25.03175,0.94,20.0,3.0,large-vehicle,No,1
45476,158,71.1,1862.158025,255.02,5,25.12625,0.97,20.0,3.0,large-vehicle,No,1
45477,158,71.2,1864.67065,254.96,5,25.223,0.97,20.0,3.0,large-vehicle,No,1
45478,158,71.3,1867.19295,254.89,5,25.31975,0.94,20.0,3.0,large-vehicle,No,1
45479,158,71.4,1869.724925,254.83,5,25.41325,0.83,20.0,3.0,large-vehicle,No,1
45480,158,71.5,1872.26625,254.76,5,25.496,0.69,20.0,3.0,large-vehicle,No,1
45481,158,71.6,1874.81585,254.7,5,25.56525,0.59,20.0,3.0,large-vehicle,No,1
45482,158,71.7,1877.372375,254.63,5,25.6245,0.48,20.0,3.0,large-vehicle,No,1
45483,158,71.8,1879.934825,254.57,5,25.67275,0.38,20.0,3.0,large-vehicle,No,1
45484,158,71.9,1882.5021,254.5,5,25.711,0.25,20.0,3.0,large-vehicle,No,1
45485,158,72.0,1885.0732,254.44,5,25.73575,0.1,20.0,3.0,large-vehicle,No,1
45486,158,72.1,1887.646775,254.37,5,25.74575,-0.03,20.0,3.0,large-vehicle,No,1
45487,158,72.2,1890.22135,254.31,5,25.74225,-0.14,20.0,3.0,large-vehicle,No,1
45488,158,72.3,1892.795575,254.25,5,25.7285,-0.24,20.0,3.0,large-vehicle,No,1
45489,158,72.4,1895.368425,254.19,5,25.7045,-0.37,20.0,3.0,large-vehicle,No,1
45490,158,72.5,1897.938875,254.13,5,25.6675,-0.55,20.0,3.0,large-vehicle,No,1
45491,158,72.6,1900.505625,254.08,5,25.613,-0.76,20.0,3.0,large-vehicle,No,1
45492,158,72.7,1903.066925,254.02,5,25.53725,-0.93,20.0,3.0,large-vehicle,No,1
45493,158,72.8,1905.62065,253.97,5,25.44425,-1.06,20.0,3.0,large-vehicle,No,1
45494,158,72.9,1908.165075,253.92,5,25.3385,-1.1,20.0,3.0,large-vehicle,No,1
45495,158,73.0,1910.698925,253.88,5,25.22825,-1.07,20.0,3.0,large-vehicle,No,1
45496,158,73.1,1913.22175,253.83,5,25.121,-1.01,20.0,3.0,large-vehicle,No,1
45497,158,73.2,1915.73385,253.78,5,25.01975,-0.88,20.0,3.0,large-vehicle,No,1
45498,158,73.3,1918.235825,253.74,5,24.93225,-0.66,20.0,3.0,large-vehicle,No,1
45499,158,73.4,1920.72905,253.7,5,24.8665,-0.47,20.0,3.0,large-vehicle,No,1
45500,158,73.5,1923.2157,253.65,5,24.81925,-0.26,20.0,3.0,large-vehicle,No,1
45501,158,73.6,1925.697625,253.61,5,24.79325,-0.05,20.0,3.0,large-vehicle,No,1
45502,158,73.7,1928.17695,253.57,5,24.78825,0.05,20.0,3.0,large-vehicle,No,1
45503,158,73.8,1930.655775,253.53,5,24.79375,0.08,20.0,3.0,large-vehicle,No,1
45504,158,73.9,1933.13515,253.49,5,24.80125,-0.01,20.0,3.0,large-vehicle,No,1
45505,158,74.0,1935.615275,253.45,5,24.8005,-0.19,20.0,3.0,large-vehicle,No,1
45506,158,74.1,1938.095325,253.41,5,24.7815,-0.43,20.0,3.0,large-vehicle,No,1
45507,158,74.2,1940.573475,253.37,5,24.738,-0.7,20.0,3.0,large-vehicle,No,1
45508,158,74.3,1943.047275,253.33,5,24.66825,-0.94,20.0,3.0,large-vehicle,No,1
45509,158,74.4,1945.5141,253.29,5,24.5745,-1.15,20.0,3.0,large-vehicle,No,1
45510,158,74.5,1947.97155,253.25,5,24.45975,-1.29,20.0,3.0,large-vehicle,No,1
45511,158,74.6,1950.417525,253.21,5,24.3305,-1.32,20.0,3.0,large-vehicle,No,1
45512,158,74.7,1952.850575,253.17,5,24.1985,-1.23,20.0,3.0,large-vehicle,No,1
45513,158,74.8,1955.270425,253.13,5,24.07525,-1.04,20.0,3.0,large-vehicle,No,1
45514,158,74.9,1957.67795,253.08,5,23.971,-0.75,20.0,3.0,large-vehicle,No,1
45515,158,75.0,1960.07505,253.04,5,23.89625,-0.45,20.0,3.0,large-vehicle,No,1
45516,158,75.1,1962.464675,253.0,5,23.851,-0.17,20.0,3.0,large-vehicle,No,1
45517,158,75.2,1964.849775,252.96,5,23.83425,0.09,20.0,3.0,large-vehicle,No,1
45518,158,75.3,1967.2332,252.91,5,23.84375,0.25,20.0,3.0,large-vehicle,No,1
45519,158,75.4,1969.617575,252.87,5,23.8685,0.35,20.0,3.0,large-vehicle,No,1
45520,158,75.5,1972.004425,252.82,5,23.9035,0.42,20.0,3.0,large-vehicle,No,1
45521,158,75.6,1974.394775,252.77,5,23.94575,0.47,20.0,3.0,large-vehicle,No,1
45522,158,75.7,1976.78935,252.72,5,23.99225,0.49,20.0,3.0,large-vehicle,No,1
45523,158,75.8,1979.188575,252.68,5,24.0415,0.46,20.0,3.0,large-vehicle,No,1
45524,158,75.9,1981.592725,252.62,5,24.08725,0.46,20.0,3.0,large-vehicle,No,1
45525,158,76.0,1984.00145,252.57,5,24.133,0.5,20.0,3.0,large-vehicle,No,1
45526,158,76.1,1986.41475,252.52,5,24.1835,0.52,20.0,3.0,large-vehicle,No,1
45527,158,76.2,1988.8331,252.47,5,24.23575,0.52,20.0,3.0,large-vehicle,No,1
45528,158,76.3,1991.256675,252.42,5,24.28825,0.52,20.0,3.0,large-vehicle,No,1
45529,158,76.4,1993.6855,252.36,5,24.3405,0.52,20.0,3.0,large-vehicle,No,1
45530,158,76.5,1996.11955,252.31,5,24.3925,0.49,20.0,3.0,large-vehicle,No,1
45531,158,76.6,1998.5588,252.26,5,24.44125,0.41,20.0,3.0,large-vehicle,No,1
45532,158,76.7,2001.002925,252.2,5,24.482,0.3,20.0,3.0,large-vehicle,No,1
45533,158,76.8,2003.451125,252.15,5,24.5125,0.17,20.0,3.0,large-vehicle,No,1
45534,158,76.9,2005.902375,252.09,5,24.529,0.01,20.0,3.0,large-vehicle,No,1
45535,158,77.0,2008.355275,252.04,5,24.52975,-0.15,20.0,3.0,large-vehicle,No,1
45536,158,77.1,2010.80825,251.98,5,24.51475,-0.3,20.0,3.0,large-vehicle,No,1
45537,158,77.2,2013.259725,251.93,5,24.4845,-0.46,20.0,3.0,large-vehicle,No,1
45538,158,77.3,2015.708175,251.87,5,24.43825,-0.56,20.0,3.0,large-vehicle,No,1
45539,158,77.4,2018.152,251.82,5,24.382,-0.53,20.0,3.0,large-vehicle,No,1
45540,158,77.5,2020.5902,251.76,5,24.329,-0.39,20.0,3.0,large-vehicle,No,1
45541,158,77.6,2023.0231,251.7,5,24.29,-0.21,20.0,3.0,large-vehicle,No,1
45542,158,77.7,2025.4521,251.65,5,24.269,0.03,20.0,3.0,large-vehicle,No,1
45543,158,77.8,2027.879,251.59,5,24.2725,0.33,20.0,3.0,large-vehicle,No,1
45544,158,77.9,2030.30625,251.53,5,24.30525,0.64,20.0,3.0,large-vehicle,No,1
45545,158,78.0,2032.736775,251.47,5,24.36925,0.98,20.0,3.0,large-vehicle,No,1
45546,158,78.1,2035.1737,251.41,5,24.467,1.35,20.0,3.0,large-vehicle,No,1
45547,158,78.2,2037.6204,251.35,5,24.6015,1.71,20.0,3.0,large-vehicle,No,1
45548,158,78.3,2040.08055,251.29,5,24.77225,2.15,20.0,3.0,large-vehicle,No,1
45549,158,78.4,2042.557775,251.23,5,24.9875,2.64,20.0,3.0,large-vehicle,No,1
45550,158,78.5,2045.056525,251.16,5,25.2515,3.08,20.0,3.0,large-vehicle,No,1
45551,158,78.6,2047.581675,251.1,5,25.56,3.51,20.0,3.0,large-vehicle,No,1
45552,158,78.7,2050.137675,251.02,5,25.911,3.92,20.0,3.0,large-vehicle,No,1
45553,158,78.8,2052.728775,250.95,5,26.30325,4.25,20.0,3.0,large-vehicle,No,1
45554,158,78.9,2055.3591,250.87,5,26.728,4.49,20.0,3.0,large-vehicle,No,1
45555,158,79.0,2058.0319,250.78,5,27.1775,4.64,20.0,3.0,large-vehicle,No,1
45556,158,79.1,2060.74965,250.69,5,27.6415,4.67,20.0,3.0,large-vehicle,No,1
45557,158,79.2,2063.5138,250.59,5,28.10875,4.63,20.0,3.0,large-vehicle,No,1
45558,158,79.3,2066.324675,250.49,5,28.57225,4.51,20.0,3.0,large-vehicle,No,1
45559,158,79.4,2069.1819,250.38,5,29.02275,4.29,20.0,3.0,large-vehicle,No,1
45560,158,79.5,2072.084175,250.27,5,29.45175,3.99,20.0,3.0,large-vehicle,No,1
45561,158,79.6,2075.02935,250.15,5,29.851,3.66,20.0,3.0,large-vehicle,No,1
45562,158,79.7,2078.01445,250.03,5,30.21725,3.34,20.0,3.0,large-vehicle,No,1
45563,158,79.8,2081.036175,249.91,5,30.5515,2.97,20.0,3.0,large-vehicle,No,1
45564,158,79.9,2084.091325,249.78,5,30.8485,2.58,20.0,3.0,large-vehicle,No,1
45565,158,80.0,2087.176175,249.65,5,31.10675,2.24,20.0,3.0,large-vehicle,No,1
45566,158,80.1,2090.28685,249.51,5,31.3305,1.93,20.0,3.0,large-vehicle,No,1
45567,158,80.2,2093.4199,249.37,5,31.52325,1.67,20.0,3.0,large-vehicle,No,1
45568,158,80.3,2096.572225,249.23,5,31.6905,1.49,20.0,3.0,large-vehicle,No,1
45569,158,80.4,2099.741275,249.09,5,31.83975,1.34,20.0,3.0,large-vehicle,No,1
45570,158,80.5,2102.92525,248.94,5,31.974,1.28,20.0,3.0,large-vehicle,No,1
45571,158,80.6,2106.12265,248.79,5,32.10175,1.37,20.0,3.0,large-vehicle,No,1
45572,158,80.7,2109.332825,248.63,5,32.2385,1.53,20.0,3.0,large-vehicle,No,1
45573,158,80.8,2112.556675,248.48,5,32.39125,1.7,20.0,3.0,large-vehicle,No,1
45574,158,80.9,2115.7958,248.32,5,32.561,1.86,20.0,3.0,large-vehicle,No,1
45575,158,81.0,2119.0519,248.16,5,32.747,1.97,20.0,3.0,large-vehicle,No,1
45576,158,81.1,2122.3266,247.99,5,32.94425,2.0,20.0,3.0,large-vehicle,No,1
45577,158,81.2,2125.621025,247.82,5,33.144,1.94,20.0,3.0,large-vehicle,No,1
45578,158,81.3,2128.935425,247.65,5,33.33825,1.75,20.0,3.0,large-vehicle,No,1
45579,158,81.4,2132.26925,247.48,5,33.5135,1.44,20.0,3.0,large-vehicle,No,1
45580,158,81.5,2135.6206,247.3,5,33.65775,0.99,20.0,3.0,large-vehicle,No,1
45581,158,81.6,2138.986375,247.12,5,33.757,0.36,20.0,3.0,large-vehicle,No,1
45582,158,81.7,2142.362075,246.94,5,33.79325,-0.48,20.0,3.0,large-vehicle,No,1
45583,158,81.8,2145.7414,246.76,5,33.74575,-1.55,20.0,3.0,large-vehicle,No,1
45584,158,81.9,2149.115975,246.57,5,33.59075,-2.78,20.0,3.0,large-vehicle,No,1
45585,158,82.0,2152.47505,246.39,5,33.31325,-4.02,20.0,3.0,large-vehicle,No,1
45586,158,82.1,2155.806375,246.21,5,32.91125,-5.24,20.0,3.0,large-vehicle,No,1
45587,158,82.2,2159.0975,246.03,5,32.38725,-6.31,20.0,3.0,large-vehicle,No,1
45588,158,82.3,2162.336225,245.87,5,31.756,-7.17,20.0,3.0,large-vehicle,No,1
45589,158,82.4,2165.511825,245.71,5,31.03875,-7.82,20.0,3.0,large-vehicle,No,1
45590,158,82.5,2168.6157,245.55,5,30.2565,-8.28,20.0,3.0,large-vehicle,No,1
45591,158,82.6,2171.64135,245.41,5,29.42825,-8.51,20.0,3.0,large-vehicle,No,1
45592,158,82.7,2174.584175,245.27,5,28.5775,-8.47,20.0,3.0,large-vehicle,No,1
45593,158,82.8,2177.441925,245.14,5,27.7305,-8.27,20.0,3.0,large-vehicle,No,1
45594,158,82.9,2180.214975,245.02,5,26.90325,-7.93,20.0,3.0,large-vehicle,No,1
45595,158,83.0,2182.9053,244.91,5,26.1105,-7.41,20.0,3.0,large-vehicle,No,1
45596,158,83.1,2185.51635,244.8,5,25.37,-6.8,20.0,3.0,large-vehicle,No,1
45597,158,83.2,2188.05335,244.69,5,24.68975,-6.18,20.0,3.0,large-vehicle,No,1
45598,158,83.3,2190.522325,244.59,5,24.07225,-5.48,20.0,3.0,large-vehicle,No,1
45599,158,83.4,2192.92955,244.49,5,23.52375,-4.75,20.0,3.0,large-vehicle,No,1
45600,158,83.5,2195.281925,244.4,5,23.04875,-4.04,20.0,3.0,large-vehicle,No,1
45601,158,83.6,2197.5868,244.31,5,22.645,-3.35,20.0,3.0,large-vehicle,No,1
45602,158,83.7,2199.8513,244.22,5,22.31,-2.71,20.0,3.0,large-vehicle,No,1
45603,158,83.8,2202.0823,244.13,5,22.0395,-2.14,20.0,3.0,large-vehicle,No,1
45604,158,83.9,2204.28625,244.05,5,21.8255,-1.68,20.0,3.0,large-vehicle,No,1
45605,158,84.0,2206.4688,243.96,5,21.657,-1.36,20.0,3.0,large-vehicle,No,1
45606,158,84.1,2208.6345,243.88,5,21.5215,-1.19,20.0,3.0,large-vehicle,No,1
45607,158,84.2,2210.78665,243.79,5,21.402,-1.16,20.0,3.0,large-vehicle,No,1
45608,158,84.3,2212.92685,243.71,5,21.286,-1.2,20.0,3.0,large-vehicle,No,1
45609,158,84.4,2215.05545,243.62,5,21.16575,-1.32,20.0,3.0,large-vehicle,No,1
45610,158,84.5,2217.172025,243.54,5,21.0335,-1.5,20.0,3.0,large-vehicle,No,1
45611,158,84.6,2219.275375,243.46,5,20.88375,-1.67,20.0,3.0,large-vehicle,No,1
45612,158,84.7,2221.36375,243.38,5,20.717,-1.8,20.0,3.0,large-vehicle,No,1
45613,158,84.8,2223.43545,243.29,5,20.53675,-1.86,20.0,3.0,large-vehicle,No,1
45614,158,84.9,2225.489125,243.21,5,20.35025,-1.84,20.0,3.0,large-vehicle,No,1
45615,158,85.0,2227.52415,243.13,5,20.166,-1.77,20.0,3.0,large-vehicle,No,1
45616,158,85.1,2229.54075,243.05,5,19.989,-1.64,20.0,3.0,large-vehicle,No,1
45617,158,85.2,2231.53965,242.98,5,19.82525,-1.4,20.0,3.0,large-vehicle,No,1
45618,158,85.3,2233.522175,242.9,5,19.68525,-0.99,20.0,3.0,large-vehicle,No,1
45619,158,85.4,2235.4907,242.82,5,19.58675,-0.46,20.0,3.0,large-vehicle,No,1
45620,158,85.5,2237.449375,242.74,5,19.5405,0.06,20.0,3.0,large-vehicle,No,1
45621,158,85.6,2239.403425,242.65,5,19.5465,0.57,20.0,3.0,large-vehicle,No,1
45622,158,85.7,2241.358075,242.57,5,19.60375,1.04,20.0,3.0,large-vehicle,No,1
45623,158,85.8,2243.31845,242.48,5,19.7075,1.45,20.0,3.0,large-vehicle,No,1
45624,158,85.9,2245.2892,242.38,5,19.8525,1.83,20.0,3.0,large-vehicle,No,1
45625,158,86.0,2247.27445,242.28,5,20.035,2.15,20.0,3.0,large-vehicle,No,1
45626,158,86.1,2249.27795,242.17,5,20.25025,2.43,20.0,3.0,large-vehicle,No,1
45627,158,86.2,2251.302975,242.05,5,20.493,2.59,20.0,3.0,large-vehicle,No,1
45628,158,86.3,2253.352275,241.94,5,20.75225,2.65,20.0,3.0,large-vehicle,No,1
45629,158,86.4,2255.4275,241.81,5,21.0175,2.67,20.0,3.0,large-vehicle,No,1
45630,158,86.5,2257.52925,241.68,5,21.28425,2.6,20.0,3.0,large-vehicle,No,1
45631,158,86.6,2259.657675,241.54,5,21.544,2.51,20.0,3.0,large-vehicle,No,1
45632,158,86.7,2261.812075,241.4,5,21.7945,2.39,20.0,3.0,large-vehicle,No,1
45633,158,86.8,2263.991525,241.25,5,22.03375,2.2,20.0,3.0,large-vehicle,No,1
45634,158,86.9,2266.1949,241.1,5,22.25325,2.0,20.0,3.0,large-vehicle,No,1
45635,158,87.0,2268.420225,240.94,5,22.4535,1.76,20.0,3.0,large-vehicle,No,1
45636,158,87.1,2270.665575,240.78,5,22.6295,1.44,20.0,3.0,large-vehicle,No,1
45637,158,87.2,2272.928525,240.61,5,22.7735,1.12,20.0,3.0,large-vehicle,No,1
45638,158,87.3,2275.205875,240.44,5,22.88575,0.76,20.0,3.0,large-vehicle,No,1
45639,158,87.4,2277.49445,240.26,5,22.96175,0.39,20.0,3.0,large-vehicle,No,1
45640,158,87.5,2279.790625,240.08,5,23.00025,0.11,20.0,3.0,large-vehicle,No,1
45641,158,87.6,2282.09065,239.9,5,23.011,-0.15,20.0,3.0,large-vehicle,No,1
45642,158,87.7,2284.39175,239.71,5,22.9955,-0.33,20.0,3.0,large-vehicle,No,1
45643,158,87.8,2286.6913,239.52,5,22.9625,-0.4,20.0,3.0,large-vehicle,No,1
45644,158,87.9,2288.98755,239.33,5,22.92275,-0.44,20.0,3.0,large-vehicle,No,1
45645,158,88.0,2291.279825,239.13,5,22.87875,-0.43,20.0,3.0,large-vehicle,No,1
45646,158,88.1,2293.5677,238.94,5,22.8355,-0.38,20.0,3.0,large-vehicle,No,1
45647,158,88.2,2295.85125,238.73,5,22.7975,-0.31,20.0,3.0,large-vehicle,No,1
45648,158,88.3,2298.131,238.53,5,22.7665,-0.26,20.0,3.0,large-vehicle,No,1
45649,158,88.4,2300.40765,238.32,5,22.7405,-0.17,20.0,3.0,large-vehicle,No,1
45650,158,88.5,2302.6817,238.11,5,22.72325,-0.06,20.0,3.0,large-vehicle,No,1
45651,158,88.6,2304.954025,237.89,5,22.717,0.05,20.0,3.0,large-vehicle,No,1
45652,158,88.7,2307.225725,237.67,5,22.72175,0.2,20.0,3.0,large-vehicle,No,1
45653,158,88.8,2309.4979,237.45,5,22.74225,0.39,20.0,3.0,large-vehicle,No,1
45654,158,88.9,2311.772125,237.22,5,22.781,0.51,20.0,3.0,large-vehicle,No,1
45655,158,89.0,2314.050225,236.99,5,22.8325,0.65,20.0,3.0,large-vehicle,No,1
45656,158,89.1,2316.333475,236.75,5,22.898,0.81,20.0,3.0,large-vehicle,No,1
45657,158,89.2,2318.623275,236.51,5,22.9785,0.96,20.0,3.0,large-vehicle,No,1
45658,158,89.3,2320.921125,236.27,5,23.075,1.07,20.0,3.0,large-vehicle,No,1
45659,158,89.4,2323.228625,236.02,5,23.1815,1.09,20.0,3.0,large-vehicle,No,1
45660,158,89.5,2325.546775,235.77,5,23.29,1.11,20.0,3.0,large-vehicle,No,1
45661,158,89.6,2327.875775,235.51,5,23.401,1.1,20.0,3.0,large-vehicle,No,1
45662,158,89.7,2330.215875,235.25,5,23.511,1.02,20.0,3.0,large-vehicle,No,1
45663,158,89.8,2332.566975,234.98,5,23.6135,0.94,20.0,3.0,large-vehicle,No,1
45664,158,89.9,2334.928325,234.72,5,23.707,0.86,20.0,3.0,large-vehicle,No,1
45665,158,90.0,2337.299025,234.44,5,23.7925,0.73,20.0,3.0,large-vehicle,No,1
45666,158,90.1,2339.678275,234.17,5,23.86525,0.59,20.0,3.0,large-vehicle,No,1
45667,158,90.2,2342.0648,233.89,5,23.92425,0.46,20.0,3.0,large-vehicle,No,1
45668,158,90.3,2344.457225,233.6,5,23.97,0.3,20.0,3.0,large-vehicle,No,1
45669,158,90.4,2346.854225,233.32,5,23.99975,0.15,20.0,3.0,large-vehicle,No,1
45670,158,90.5,2349.2542,233.03,5,24.0145,0.02,20.0,3.0,large-vehicle,No,1
45671,158,90.6,2351.65565,232.74,5,24.0165,-0.06,20.0,3.0,large-vehicle,No,1
45672,158,90.7,2354.0573,232.44,5,24.01025,-0.08,20.0,3.0,large-vehicle,No,1
45673,158,90.8,2356.458325,232.15,5,24.00225,-0.06,20.0,3.0,large-vehicle,No,1
45674,158,90.9,2358.85855,231.85,5,23.99675,-0.02,20.0,3.0,large-vehicle,No,1
45675,158,91.0,2361.258225,231.55,5,23.99475,0.01,20.0,3.0,large-vehicle,No,1
45676,158,91.1,2363.6577,231.25,5,23.99575,0.09,20.0,3.0,large-vehicle,No,1
45677,158,91.2,2366.057275,230.95,5,24.0045,0.17,20.0,3.0,large-vehicle,No,1
45678,158,91.3,2368.457725,230.64,5,24.02175,0.2,20.0,3.0,large-vehicle,No,1
45679,158,91.4,2370.8599,230.33,5,24.0415,0.22,20.0,3.0,large-vehicle,No,1
45680,158,91.5,2373.26405,230.02,5,24.064,0.28,20.0,3.0,large-vehicle,No,1
45681,158,91.6,2375.67045,229.71,5,24.09175,0.3,20.0,3.0,large-vehicle,No,1
45682,158,91.7,2378.079625,229.4,5,24.122,0.33,20.0,3.0,large-vehicle,No,1
45683,158,91.8,2380.491825,229.08,5,24.15525,0.38,20.0,3.0,large-vehicle,No,1
45684,158,91.9,2382.90735,228.76,5,24.1935,0.41,20.0,3.0,large-vehicle,No,1
45685,158,92.0,2385.3267,228.44,5,24.23425,0.41,20.0,3.0,large-vehicle,No,1
45686,158,92.1,2387.750125,228.11,5,24.275,0.41,20.0,3.0,large-vehicle,No,1
45687,158,92.2,2390.177625,227.79,5,24.31575,0.41,20.0,3.0,large-vehicle,No,1
45688,158,92.3,2392.6092,227.46,5,24.3565,0.4,20.0,3.0,large-vehicle,No,1
45689,158,92.4,2395.04485,227.13,5,24.3965,0.38,20.0,3.0,large-vehicle,No,1
45690,158,92.5,2397.4845,226.8,5,24.43425,0.3,20.0,3.0,large-vehicle,No,1
45691,158,92.6,2399.927925,226.47,5,24.46425,0.22,20.0,3.0,large-vehicle,No,1
45692,158,92.7,2402.37435,226.13,5,24.48575,0.17,20.0,3.0,large-vehicle,No,1
45693,158,92.8,2404.822925,225.8,5,24.50275,0.12,20.0,3.0,large-vehicle,No,1
45694,158,92.9,2407.2732,225.46,5,24.51425,0.06,20.0,3.0,large-vehicle,No,1
45695,158,93.0,2409.724625,225.12,5,24.5205,0.01,20.0,3.0,large-vehicle,No,1
45696,158,93.1,2412.176675,224.79,5,24.52125,-0.07,20.0,3.0,large-vehicle,No,1
45697,158,93.2,2414.6288,224.45,5,24.5145,-0.15,20.0,3.0,large-vehicle,No,1
45698,158,93.3,2417.08025,224.11,5,24.5,-0.17,20.0,3.0,large-vehicle,No,1
45699,158,93.4,2419.53025,223.77,5,24.483,-0.22,20.0,3.0,large-vehicle,No,1
45700,158,93.5,2421.97855,223.43,5,24.461,-0.3,20.0,3.0,large-vehicle,No,1
45701,158,93.6,2424.42465,223.09,5,24.4315,-0.32,20.0,3.0,large-vehicle,No,1
45702,158,93.7,2426.8678,222.75,5,24.3995,-0.35,20.0,3.0,large-vehicle,No,1
45703,158,93.8,2429.30775,222.41,5,24.365,-0.37,20.0,3.0,large-vehicle,No,1
45704,158,93.9,2431.74425,222.08,5,24.328,-0.34,20.0,3.0,large-vehicle,No,1
45705,158,94.0,2434.17705,221.74,5,24.29425,-0.31,20.0,3.0,large-vehicle,No,1
45706,158,94.1,2436.606475,221.4,5,24.263,-0.28,20.0,3.0,large-vehicle,No,1
45707,158,94.2,2439.032775,221.06,5,24.23475,-0.23,20.0,3.0,large-vehicle,No,1
45708,158,94.3,2441.45625,220.72,5,24.2115,-0.2,20.0,3.0,large-vehicle,No,1
45709,158,94.4,2443.8774,220.38,5,24.19125,-0.2,20.0,3.0,large-vehicle,No,1
45710,158,94.5,2446.296525,220.04,5,24.171,-0.2,20.0,3.0,large-vehicle,No,1
45711,158,94.6,2448.713625,219.7,5,24.151,-0.2,20.0,3.0,large-vehicle,No,1
45712,158,94.7,2451.128725,219.35,5,24.131,-0.2,20.0,3.0,large-vehicle,No,1
45713,158,94.8,2453.541825,219.01,5,24.11075,-0.2,20.0,3.0,large-vehicle,No,1
45714,158,94.9,2455.9529,218.67,5,24.0905,-0.2,20.0,3.0,large-vehicle,No,1
45715,158,95.0,2458.36195,218.32,5,24.0705,-0.2,20.0,3.0,large-vehicle,No,1
45716,158,95.1,2460.769,217.98,5,24.0505,-0.2,20.0,3.0,large-vehicle,No,1
45717,158,95.2,2463.17405,217.64,5,24.0305,-0.17,20.0,3.0,large-vehicle,No,1
45718,158,95.3,2465.5771,217.29,5,24.01325,-0.15,20.0,3.0,large-vehicle,No,1
45719,158,95.4,2467.978425,216.95,5,23.9985,-0.15,20.0,3.0,large-vehicle,No,1
45720,158,95.5,2470.378275,216.61,5,23.9835,-0.12,20.0,3.0,large-vehicle,No,1
45721,158,95.6,2472.776625,216.26,5,23.97125,-0.12,20.0,3.0,large-vehicle,No,1
45722,158,95.7,2475.17375,215.92,5,23.959,-0.15,20.0,3.0,large-vehicle,No,1
45723,158,95.8,2477.56965,215.58,5,23.94425,-0.12,20.0,3.0,large-vehicle,No,1
45724,158,95.9,2479.964075,215.24,5,23.932,-0.1,20.0,3.0,large-vehicle,No,1
45725,158,96.0,2482.357275,214.9,5,23.92225,-0.12,20.0,3.0,large-vehicle,No,1
45726,158,96.1,2484.7495,214.56,5,23.91,-0.15,20.0,3.0,large-vehicle,No,1
45727,158,96.2,2487.1405,214.22,5,23.895,-0.13,20.0,3.0,large-vehicle,No,1
45728,158,96.3,2489.53,213.88,5,23.8825,-0.1,20.0,3.0,large-vehicle,No,1
45729,158,96.4,2491.91825,213.55,5,23.87275,-0.1,20.0,3.0,large-vehicle,No,1
45730,158,96.5,2494.305525,213.21,5,23.863,-0.07,20.0,3.0,large-vehicle,No,1
45731,158,96.6,2496.691825,212.87,5,23.85625,-0.02,20.0,3.0,large-vehicle,No,1
45732,158,96.7,2499.07745,212.53,5,23.8545,0.03,20.0,3.0,large-vehicle,No,1
45733,158,96.8,2501.4629,212.19,5,23.858,0.09,20.0,3.0,large-vehicle,No,1
45734,158,96.9,2503.8487,211.85,5,23.8665,0.14,20.0,3.0,large-vehicle,No,1
45735,158,97.0,2506.23535,211.51,5,23.88,0.16,20.0,3.0,large-vehicle,No,1
45736,158,97.1,2508.62335,211.17,5,23.896,0.16,20.0,3.0,large-vehicle,No,1
45737,158,97.2,2511.01295,210.83,5,23.91225,0.19,20.0,3.0,large-vehicle,No,1
45738,158,97.3,2513.404175,210.49,5,23.931,0.21,20.0,3.0,large-vehicle,No,1
45739,158,97.4,2515.797275,210.15,5,23.95225,0.24,20.0,3.0,large-vehicle,No,1
45740,158,97.5,2518.1925,209.81,5,23.976,0.26,20.0,3.0,large-vehicle,No,1
45741,158,97.6,2520.5901,209.47,5,24.002,0.26,20.0,3.0,large-vehicle,No,1
45742,158,97.7,2522.9903,209.13,5,24.028,0.26,20.0,3.0,large-vehicle,No,1
45743,158,97.8,2525.3931,208.79,5,24.05375,0.26,20.0,3.0,large-vehicle,No,1
45744,158,97.9,2527.798475,208.45,5,24.0795,0.31,20.0,3.0,large-vehicle,No,1
45745,158,98.0,2530.206425,208.11,5,24.1105,0.36,20.0,3.0,large-vehicle,No,1
45746,158,98.1,2532.617475,207.77,5,24.1465,0.36,20.0,3.0,large-vehicle,No,1
45747,158,98.2,2535.032125,207.43,5,24.1825,0.39,20.0,3.0,large-vehicle,No,1
45748,158,98.3,2537.450375,207.09,5,24.221,0.41,20.0,3.0,large-vehicle,No,1
45749,158,98.4,2539.872475,206.74,5,24.26225,0.44,20.0,3.0,large-vehicle,No,1
45750,158,98.5,2542.2987,206.4,5,24.306,0.46,20.0,3.0,large-vehicle,No,1
45751,158,98.6,2544.7293,206.06,5,24.352,0.44,20.0,3.0,large-vehicle,No,1
45752,158,98.7,2547.1645,205.71,5,24.3955,0.41,20.0,3.0,large-vehicle,No,1
45753,158,98.8,2549.60405,205.37,5,24.43625,0.4,20.0,3.0,large-vehicle,No,1
45754,158,98.9,2552.047675,205.02,5,24.47625,0.38,20.0,3.0,large-vehicle,No,1
45755,158,99.0,2554.4953,204.68,5,24.51425,0.33,20.0,3.0,large-vehicle,No,1
45756,158,99.1,2556.946725,204.33,5,24.547,0.29,20.0,3.0,large-vehicle,No,1
45757,158,99.2,2559.401425,203.98,5,24.57625,0.27,20.0,3.0,large-vehicle,No,1
45758,158,99.3,2561.85905,203.63,5,24.60375,0.22,20.0,3.0,large-vehicle,No,1
45759,158,99.4,2564.319425,203.28,5,24.62575,0.19,20.0,3.0,large-vehicle,No,1
45760,158,99.5,2566.782,202.93,5,24.64475,0.19,20.0,3.0,large-vehicle,No,1
45761,158,99.6,2569.246475,202.58,5,24.66425,0.17,20.0,3.0,large-vehicle,No,1
45762,158,99.7,2571.7129,202.23,5,24.681,0.11,20.0,3.0,large-vehicle,No,1
45763,158,99.8,2574.181,201.88,5,24.6925,0.12,20.0,3.0,large-vehicle,No,1
45764,158,99.9,2576.65025,201.53,5,24.70425,0.12,20.0,3.0,large-vehicle,No,1
45765,158,100.0,2579.120675,201.17,5,24.716,0.06,20.0,3.0,large-vehicle,No,1
45766,158,100.1,2581.592275,200.82,5,24.7225,0.04,20.0,3.0,large-vehicle,No,1
45767,158,100.2,2584.064525,200.46,5,24.72675,0.04,20.0,3.0,large-vehicle,No,1
45768,158,100.3,2586.5372,200.11,5,24.731,0.07,20.0,3.0,large-vehicle,No,1
45769,158,100.4,2589.0103,199.75,5,24.7375,0.07,20.0,3.0,large-vehicle,No,1
45770,158,100.5,2591.48405,199.4,5,24.74475,0.07,20.0,3.0,large-vehicle,No,1
45771,158,100.6,2593.958525,199.04,5,24.752,0.13,20.0,3.0,large-vehicle,No,1
45772,158,100.7,2596.433725,198.69,5,24.7645,0.18,20.0,3.0,large-vehicle,No,1
45773,158,100.8,2598.910175,198.33,5,24.782,0.23,20.0,3.0,large-vehicle,No,1
45774,158,100.9,2601.388375,197.97,5,24.80525,0.25,20.0,3.0,large-vehicle,No,1
45775,158,101.0,2603.8689,197.61,5,24.83025,0.26,20.0,3.0,large-vehicle,No,1
45776,158,101.1,2606.351925,197.25,5,24.85625,0.23,20.0,3.0,large-vehicle,No,1
45777,158,101.2,2608.83755,196.89,5,24.87875,0.2,20.0,3.0,large-vehicle,No,1
45778,158,101.3,2611.325425,196.53,5,24.89925,0.2,20.0,3.0,large-vehicle,No,1
45779,158,101.4,2613.81535,196.16,5,24.9195,0.14,20.0,3.0,large-vehicle,No,1
45780,158,101.5,2616.3073,195.8,5,24.93375,0.07,20.0,3.0,large-vehicle,No,1
45781,158,101.6,2618.800675,195.44,5,24.94075,0.04,20.0,3.0,large-vehicle,No,1
45782,158,101.7,2621.29475,195.07,5,24.945,0.02,20.0,3.0,large-vehicle,No,1
45783,158,101.8,2623.78925,194.71,5,24.94675,-0.01,20.0,3.0,large-vehicle,No,1
45784,158,101.9,2626.283925,194.35,5,24.946,-0.01,20.0,3.0,large-vehicle,No,1
45785,158,102.0,2628.778525,193.99,5,24.945,0.0,20.0,3.0,large-vehicle,No,1
45786,158,102.1,2631.273025,193.62,5,24.94475,-0.01,20.0,3.0,large-vehicle,No,1
45787,158,102.2,2633.7675,193.26,5,24.94375,0.03,20.0,3.0,large-vehicle,No,1
45788,158,102.3,2636.261875,192.9,5,24.94625,0.1,20.0,3.0,large-vehicle,No,1
45789,158,102.4,2638.7565,192.54,5,24.95625,0.15,20.0,3.0,large-vehicle,No,1
45790,158,102.5,2641.252125,192.17,5,24.9715,0.16,20.0,3.0,large-vehicle,No,1
45791,158,102.6,2643.749275,191.81,5,24.9875,0.21,20.0,3.0,large-vehicle,No,1
45792,158,102.7,2646.248025,191.45,5,25.00825,0.28,20.0,3.0,large-vehicle,No,1
45793,158,102.8,2648.74885,191.08,5,25.0365,0.31,20.0,3.0,large-vehicle,No,1
45794,158,102.9,2651.2525,190.72,5,25.0675,0.31,20.0,3.0,large-vehicle,No,1
45795,158,103.0,2653.75925,190.35,5,25.0985,0.34,20.0,3.0,large-vehicle,No,1
45796,158,103.1,2656.2691,189.99,5,25.132,0.36,20.0,3.0,large-vehicle,No,1
45797,158,103.2,2658.7823,189.63,5,25.168,0.36,20.0,3.0,large-vehicle,No,1
45798,158,103.3,2661.2991,189.26,5,25.204,0.36,20.0,3.0,large-vehicle,No,1
45799,158,103.4,2663.8195,188.9,5,25.23975,0.36,20.0,3.0,large-vehicle,No,1
45800,158,103.5,2666.343475,188.54,5,25.2755,0.36,20.0,3.0,large-vehicle,No,1
45801,158,103.6,2668.871025,188.17,5,25.31125,0.35,20.0,3.0,large-vehicle,No,1
45802,158,103.7,2671.40215,187.81,5,25.34625,0.36,20.0,3.0,large-vehicle,No,1
45803,158,103.8,2673.936775,187.45,5,25.38225,0.35,20.0,3.0,large-vehicle,No,1
45804,158,103.9,2676.475,187.09,5,25.41725,0.35,20.0,3.0,large-vehicle,No,1
45805,158,104.0,2679.016725,186.72,5,25.4525,0.3,20.0,3.0,large-vehicle,No,1
45806,158,104.1,2681.561975,186.36,5,25.4825,0.25,20.0,3.0,large-vehicle,No,1
45807,158,104.2,2684.110225,186.0,5,25.5075,0.25,20.0,3.0,large-vehicle,No,1
45808,158,104.3,2686.660975,185.64,5,25.53225,0.25,20.0,3.0,large-vehicle,No,1
45809,158,104.4,2689.2142,185.28,5,25.557,0.33,20.0,3.0,large-vehicle,No,1
45810,158,104.5,2691.7699,184.92,5,25.5895,0.48,20.0,3.0,large-vehicle,No,1
45811,158,104.6,2694.32885,184.56,5,25.63775,0.67,20.0,3.0,large-vehicle,No,1
45812,158,104.7,2696.892625,184.2,5,25.705,0.93,20.0,3.0,large-vehicle,No,1
45813,158,104.8,2699.463125,183.84,5,25.79825,1.25,20.0,3.0,large-vehicle,No,1
45814,158,104.9,2702.04295,183.48,5,25.9235,1.59,20.0,3.0,large-vehicle,No,1
45815,158,105.0,2704.6353,183.12,5,26.08225,1.96,20.0,3.0,large-vehicle,No,1
45816,158,105.1,2707.243525,182.76,5,26.278,2.29,20.0,3.0,large-vehicle,No,1
45817,158,105.2,2709.871325,182.4,5,26.5065,2.54,20.0,3.0,large-vehicle,No,1
45818,158,105.3,2712.521975,182.03,5,26.7605,2.64,20.0,3.0,large-vehicle,No,1
45819,158,105.4,2715.198025,181.67,5,27.024,2.6,20.0,3.0,large-vehicle,No,1
45820,158,105.5,2717.900425,181.3,5,27.28425,2.51,20.0,3.0,large-vehicle,No,1
45821,158,105.6,2720.62885,180.93,5,27.535,2.34,20.0,3.0,large-vehicle,No,1
45822,158,105.7,2723.38235,180.56,5,27.76925,2.13,20.0,3.0,large-vehicle,No,1
45823,158,105.8,2726.159275,180.19,5,27.98225,1.93,20.0,3.0,large-vehicle,No,1
45824,158,105.9,2728.9575,179.82,5,28.1755,1.77,20.0,3.0,large-vehicle,No,1
45825,158,106.0,2731.77505,179.45,5,28.353,1.62,20.0,3.0,large-vehicle,No,1
45826,158,106.1,2734.61035,179.08,5,28.515,1.48,20.0,3.0,large-vehicle,No,1
45827,158,106.2,2737.46185,178.71,5,28.66325,1.38,20.0,3.0,large-vehicle,No,1
45828,158,106.3,2740.328175,178.34,5,28.80125,1.3,20.0,3.0,large-vehicle,No,1
45829,158,106.4,2743.2083,177.97,5,28.9315,1.28,20.0,3.0,large-vehicle,No,1
45830,158,106.5,2746.10145,177.59,5,29.0595,1.31,20.0,3.0,large-vehicle,No,1
45831,158,106.6,2749.0074,177.22,5,29.1905,1.36,20.0,3.0,large-vehicle,No,1
45832,158,106.7,2751.92645,176.85,5,29.3265,1.45,20.0,3.0,large-vehicle,No,1
45833,158,106.8,2754.8591,176.48,5,29.4715,1.55,20.0,3.0,large-vehicle,No,1
45834,158,106.9,2757.80625,176.11,5,29.6265,1.6,20.0,3.0,large-vehicle,No,1
45835,158,107.0,2760.7689,175.74,5,29.7865,1.61,20.0,3.0,large-vehicle,No,1
45836,158,107.1,2763.74755,175.37,5,29.94725,1.6,20.0,3.0,large-vehicle,No,1
45837,158,107.2,2766.742275,175.0,5,30.1075,1.6,20.0,3.0,large-vehicle,No,1
45838,158,107.3,2769.753025,174.63,5,30.268,1.63,20.0,3.0,large-vehicle,No,1
45839,158,107.4,2772.779825,174.26,5,30.43075,1.65,20.0,3.0,large-vehicle,No,1
45840,158,107.5,2775.8229,173.89,5,30.596,1.63,20.0,3.0,large-vehicle,No,1
45841,158,107.6,2778.8825,173.53,5,30.75875,1.58,20.0,3.0,large-vehicle,No,1
45842,158,107.7,2781.958375,173.17,5,30.9165,1.5,20.0,3.0,large-vehicle,No,1
45843,158,107.8,2785.050025,172.82,5,31.06625,1.37,20.0,3.0,large-vehicle,No,1
45844,158,107.9,2788.15665,172.47,5,31.20275,1.15,20.0,3.0,large-vehicle,No,1
45845,158,108.0,2791.276925,172.13,5,31.318,0.83,20.0,3.0,large-vehicle,No,1
45846,158,108.1,2794.408725,171.8,5,31.4015,0.36,20.0,3.0,large-vehicle,No,1
45847,158,108.2,2797.548875,171.48,5,31.43725,-0.29,20.0,3.0,large-vehicle,No,1
45848,158,108.3,2800.6926,171.17,5,31.408,-1.05,20.0,3.0,large-vehicle,No,1
45849,158,108.4,2803.8334,170.86,5,31.303,-1.86,20.0,3.0,large-vehicle,No,1
45850,158,108.5,2806.9637,170.57,5,31.1165,-2.66,20.0,3.0,large-vehicle,No,1
45851,158,108.6,2810.07535,170.28,5,30.8505,-3.38,20.0,3.0,large-vehicle,No,1
45852,158,108.7,2813.1604,170.0,5,30.512,-3.94,20.0,3.0,large-vehicle,No,1
45853,158,108.8,2816.2116,169.73,5,30.118,-4.26,20.0,3.0,large-vehicle,No,1
45854,158,108.9,2819.2234,169.46,5,29.69225,-4.31,20.0,3.0,large-vehicle,No,1
45855,158,109.0,2822.192625,169.2,5,29.261,-4.13,20.0,3.0,large-vehicle,No,1
45856,158,109.1,2825.118725,168.94,5,28.84775,-3.82,20.0,3.0,large-vehicle,No,1
45857,158,109.2,2828.0035,168.69,5,28.466,-3.43,20.0,3.0,large-vehicle,No,1
45858,158,109.3,2830.8501,168.44,5,28.123,-3.03,20.0,3.0,large-vehicle,No,1
45859,158,109.4,2833.6624,168.19,5,27.82,-2.67,20.0,3.0,large-vehicle,No,1
45860,158,109.5,2836.4444,167.96,5,27.553,-2.35,20.0,3.0,large-vehicle,No,1
45861,158,109.6,2839.1997,167.73,5,27.318,-2.09,20.0,3.0,large-vehicle,No,1
45862,158,109.7,2841.9315,167.5,5,27.10925,-1.9,20.0,3.0,large-vehicle,No,1
45863,158,109.8,2844.642425,167.29,5,26.91925,-1.8,20.0,3.0,large-vehicle,No,1
45864,158,109.9,2847.33435,167.08,5,26.7395,-1.8,20.0,3.0,large-vehicle,No,1
45865,158,110.0,2850.0083,166.88,5,26.5595,-1.88,20.0,3.0,large-vehicle,No,1
45866,158,110.1,2852.66425,166.69,5,26.37125,-2.02,20.0,3.0,large-vehicle,No,1
45867,158,110.2,2855.301375,166.51,5,26.16925,-2.21,20.0,3.0,large-vehicle,No,1
45868,158,110.3,2857.9183,166.33,5,25.94875,-2.39,20.0,3.0,large-vehicle,No,1
45869,158,110.4,2860.513175,166.17,5,25.70975,-2.55,20.0,3.0,large-vehicle,No,1
45870,158,110.5,2863.08415,166.02,5,25.45475,-2.73,20.0,3.0,large-vehicle,No,1
45871,158,110.6,2865.629625,165.87,5,25.18175,-2.86,20.0,3.0,large-vehicle,No,1
45872,158,110.7,2868.1478,165.74,5,24.89575,-2.91,20.0,3.0,large-vehicle,No,1
45873,158,110.8,2870.637375,165.61,5,24.605,-2.98,20.0,3.0,large-vehicle,No,1
45874,158,110.9,2873.097875,165.49,5,24.30675,-3.03,20.0,3.0,large-vehicle,No,1
45875,158,111.0,2875.52855,165.38,5,24.0035,-3.06,20.0,3.0,large-vehicle,No,1
45876,158,111.1,2877.9289,165.27,5,23.69775,-3.11,20.0,3.0,large-vehicle,No,1
45877,158,111.2,2880.298675,165.17,5,23.387,-3.1,20.0,3.0,large-vehicle,No,1
45878,158,111.3,2882.637375,165.07,5,23.077,-3.02,20.0,3.0,large-vehicle,No,1
45879,158,111.4,2884.945075,164.97,5,22.77525,-2.86,20.0,3.0,large-vehicle,No,1
45880,158,111.5,2887.2226,164.87,5,22.4895,-2.59,20.0,3.0,large-vehicle,No,1
45881,158,111.6,2889.47155,164.76,5,22.2305,-2.22,20.0,3.0,large-vehicle,No,1
45882,158,111.7,2891.6946,164.65,5,22.0085,-1.74,20.0,3.0,large-vehicle,No,1
45883,158,111.8,2893.89545,164.53,5,21.83425,-1.2,20.0,3.0,large-vehicle,No,1
45884,158,111.9,2896.078875,164.41,5,21.7145,-0.62,20.0,3.0,large-vehicle,No,1
45885,158,112.0,2898.250325,164.3,5,21.65275,-0.05,20.0,3.0,large-vehicle,No,1
45886,158,112.1,2900.4156,164.18,5,21.648,0.49,20.0,3.0,large-vehicle,No,1
45887,158,112.2,2902.5804,164.08,5,21.69725,0.95,20.0,3.0,large-vehicle,No,1
45888,158,112.3,2904.750125,163.98,5,21.79275,1.25,20.0,3.0,large-vehicle,No,1
45889,158,112.4,2906.9294,163.88,5,21.91775,1.34,20.0,3.0,large-vehicle,No,1
45890,158,112.5,2909.121175,163.8,5,22.05175,1.24,20.0,3.0,large-vehicle,No,1
45891,158,112.6,2911.32635,163.73,5,22.17625,1.02,20.0,3.0,large-vehicle,No,1
45892,158,112.7,2913.543975,163.67,5,22.27775,0.76,20.0,3.0,large-vehicle,No,1
45893,158,112.8,2915.77175,163.62,5,22.35425,0.52,20.0,3.0,large-vehicle,No,1
45894,158,112.9,2918.007175,163.58,5,22.406,0.27,20.0,3.0,large-vehicle,No,1
45895,158,113.0,2920.247775,163.56,5,22.433,0.08,20.0,3.0,large-vehicle,No,1
45896,158,113.1,2922.491075,163.53,5,22.4415,-0.1,20.0,3.0,large-vehicle,No,1
45897,158,113.2,2924.735225,163.52,5,22.43125,-0.26,20.0,3.0,large-vehicle,No,1
45898,158,113.3,2926.97835,163.51,5,22.4055,-0.32,20.0,3.0,large-vehicle,No,1
45899,158,113.4,2929.2189,163.51,5,22.37375,-0.34,20.0,3.0,large-vehicle,No,1
45900,158,113.5,2931.456275,163.51,5,22.34025,-0.34,20.0,3.0,large-vehicle,No,1
45901,158,113.6,2933.6903,163.52,5,22.3065,-0.25,20.0,3.0,large-vehicle,No,1
45902,158,113.7,2935.92095,163.53,5,22.28125,-0.15,20.0,3.0,large-vehicle,No,1
45903,158,113.8,2938.149075,163.55,5,22.2665,-0.02,20.0,3.0,large-vehicle,No,1
45904,158,113.9,2940.375725,163.57,5,22.2645,0.12,20.0,3.0,large-vehicle,No,1
45905,158,114.0,2942.602175,163.59,5,22.27625,0.27,20.0,3.0,large-vehicle,No,1
45906,158,114.1,2944.8298,163.61,5,22.30375,0.45,20.0,3.0,large-vehicle,No,1
45907,158,114.2,2947.060175,163.65,5,22.349,0.56,20.0,3.0,large-vehicle,No,1
45908,158,114.3,2949.295075,163.68,5,22.40525,0.66,20.0,3.0,large-vehicle,No,1
45909,158,114.4,2951.5356,163.72,5,22.4715,0.79,20.0,3.0,large-vehicle,No,1
45910,158,114.5,2953.78275,163.77,5,22.55025,0.89,20.0,3.0,large-vehicle,No,1
45911,158,114.6,2956.037775,163.82,5,22.639,1.02,20.0,3.0,large-vehicle,No,1
45912,158,114.7,2958.301675,163.88,5,22.74075,1.12,20.0,3.0,large-vehicle,No,1
45913,158,114.8,2960.57575,163.95,5,22.85275,1.14,20.0,3.0,large-vehicle,No,1
45914,158,114.9,2962.861025,164.02,5,22.967,1.16,20.0,3.0,large-vehicle,No,1
45915,158,115.0,2965.157725,164.11,5,23.083,1.16,20.0,3.0,large-vehicle,No,1
45916,158,115.1,2967.466025,164.22,5,23.199,1.07,20.0,3.0,large-vehicle,No,1
45917,158,115.2,2969.785925,164.33,5,23.30625,1.01,20.0,3.0,large-vehicle,No,1
45918,158,115.3,2972.11655,164.46,5,23.40775,0.99,20.0,3.0,large-vehicle,No,1
45919,158,115.4,2974.457325,164.59,5,23.5065,0.91,20.0,3.0,large-vehicle,No,1
45920,158,115.5,2976.807975,164.73,5,23.5975,0.85,20.0,3.0,large-vehicle,No,1
45921,158,115.6,2979.167725,164.88,5,23.68275,0.85,20.0,3.0,large-vehicle,No,1
45922,158,115.7,2981.536,165.04,5,23.768,0.8,20.0,3.0,large-vehicle,No,1
45923,158,115.8,2983.9128,165.2,5,23.848,0.77,20.0,3.0,large-vehicle,No,1
45924,158,115.9,2986.2976,165.36,5,23.92525,0.85,20.0,3.0,large-vehicle,No,1
45925,158,116.0,2988.690125,165.52,5,24.01025,0.91,20.0,3.0,large-vehicle,No,1
45926,158,116.1,2991.09115,165.69,5,24.10125,0.93,20.0,3.0,large-vehicle,No,1
45927,158,116.2,2993.501275,165.86,5,24.19425,0.96,20.0,3.0,large-vehicle,No,1
45928,158,116.3,2995.9207,166.03,5,24.29,0.95,20.0,3.0,large-vehicle,No,1
45929,158,116.4,2998.3497,166.21,5,24.38525,0.93,20.0,3.0,large-vehicle,No,1
45930,158,116.5,3000.788225,166.38,5,24.47825,0.83,20.0,3.0,large-vehicle,No,1
45931,158,116.6,3003.23605,166.56,5,24.561,0.72,20.0,3.0,large-vehicle,No,1
45932,158,116.7,3005.69215,166.74,5,24.6325,0.64,20.0,3.0,large-vehicle,No,1
45933,158,116.8,3008.1554,166.92,5,24.69625,0.53,20.0,3.0,large-vehicle,No,1
45934,158,116.9,3010.625025,167.11,5,24.74925,0.48,20.0,3.0,large-vehicle,No,1
45935,158,117.0,3013.09995,167.3,5,24.7975,0.49,20.0,3.0,large-vehicle,No,1
45936,158,117.1,3015.5797,167.5,5,24.84625,0.49,20.0,3.0,large-vehicle,No,1
45937,158,117.2,3018.064325,167.7,5,24.89475,0.51,20.0,3.0,large-vehicle,No,1
45938,158,117.3,3020.5538,167.9,5,24.946,0.57,20.0,3.0,large-vehicle,No,1
45939,158,117.4,3023.0484,168.1,5,25.00275,0.57,20.0,3.0,large-vehicle,No,1
45940,158,117.5,3025.548675,168.32,5,25.05975,0.55,20.0,3.0,large-vehicle,No,1
45941,158,117.6,3028.05465,168.53,5,25.11475,0.54,20.0,3.0,large-vehicle,No,1
45942,158,117.7,3030.566125,168.75,5,25.16875,0.55,20.0,3.0,large-vehicle,No,1
45943,158,117.8,3033.083,168.97,5,25.22375,0.57,20.0,3.0,large-vehicle,No,1
45944,158,117.9,3035.605375,169.19,5,25.28075,0.57,20.0,3.0,large-vehicle,No,1
45945,158,118.0,3038.13345,169.42,5,25.338,0.55,20.0,3.0,large-vehicle,No,1
45946,158,118.1,3040.66725,169.65,5,25.39275,0.52,20.0,3.0,large-vehicle,No,1
45947,158,118.2,3043.206525,169.88,5,25.44425,0.44,20.0,3.0,large-vehicle,No,1
45948,158,118.3,3045.75095,170.11,5,25.48875,0.39,20.0,3.0,large-vehicle,No,1
